0 0
1 13
2 2
3 22
4 24
4 23
7 16
8 14
8 8
10 6
10 9
12 5
18 4024
19 26
20 8
21 11
23 22
25 3137
26 15
27 3233
30 618
31 836
32 495
34 715
35 213
36 197
38 503
38 213
39 850
41 503
42 302
43 240
44 155
45 108
45 461
45 712
46 108
48 850
48 416
49 483
49 4544
50 308
50 68
50 191
50 505
50 352
50 295
51 771
53 836
54 613
54 254
54 595
54 495
54 249
55 715
56 575
57 98
58 585
58 709
59 212
59 574
60 606
60 263
61 686
62 535
63 750
63 352
64 503
66 108
66 249
67 213
67 236
68 308
69 475
69 437
69 565
70 503
70 107
71 737
72 439
73 737
74 112
75 738
75 503
75 1385
76 850
77 565
79 581
80 556
80 200
80 1385
80 151
81 495
82 503
82 236
83 606
83 91
83 253
84 236
84 503
84 3407
84 1385
85 85
86 89
87 642
88 263
88 39
89 89
90 709
91 831
92 213
93 549
94 248
94 295
95 351
96 236
96 503
96 3407
96 1385
97 248
97 240
98 313
99 98
100 331
100 525
101 289
101 123
102 503
102 200
102 364
103 351
104 112
104 713
105 692
106 399
107 503
107 1385
108 613
108 308
108 624
108 476
109 236
109 231
109 536
110 503
110 289
110 1385
113 849
113 575
114 835
114 68
114 505
116 321
117 203
118 364
119 106
120 3794
121 196
121 738
121 595
121 503
121 299
121 123
121 151
122 505
122 48
123 503
124 140
125 525
126 637
126 745
127 248
128 108
128 624
128 496
128 495
129 331
129 68
129 831
130 613
130 803
131 357
131 582
131 581
132 751
133 588
134 771
135 613
135 308
135 624
135 476
136 308
136 503
137 595
137 495
138 613
138 803
139 576
142 483
142 399
142 702
142 725
143 595
143 495
144 52
145 236
145 503
145 3407
145 1385
146 1649
146 302
147 147
148 738
148 503
148 263
149 3411
150 250
151 613
151 416
152 256
153 299
153 624
153 503
154 831
154 48
154 606
156 188
157 263
157 295
159 236
159 194
160 637
161 751
162 33
162 191
162 352
163 734
164 204
165 503
165 1385
166 737
167 319
167 249
167 371
168 357
168 582
169 442
170 295
170 257
171 399
171 702
172 738
172 503
172 1385
172 364
173 290
174 606
174 831
174 240
174 812
176 291
176 321
176 213
177 489
177 673
179 613
179 416
179 476
180 782
181 751
182 295
182 606
182 48
182 213
182 326
182 835
182 39
183 319
184 593
185 48
185 48
186 673
187 624
189 111
190 845
191 850
192 1649
196 615
197 1184
198 399
198 203
199 78
199 504
200 1385
201 140
202 236
202 831
203 331
205 835
205 68
205 175
205 1184
205 575
206 291
206 416
206 842
206 213
206 48
207 213
207 630
207 592
207 48
208 236
208 503
208 1385
209 504
210 895
211 503
213 416
214 200
214 348
214 1385
216 65
216 291
216 812
216 213
216 48
217 263
218 445
219 295
220 754
221 613
221 416
221 476
222 503
223 238
224 309
225 745
226 829
227 495
227 155
228 702
229 495
229 155
230 40
232 565
234 250
235 112
236 243
236 1358
237 850
239 313
240 331
240 831
241 633
242 108
242 187
242 439
244 331
244 850
244 1201
244 503
244 1385
245 213
246 503
247 108
247 92
247 422
247 151
247 658
251 200
251 608
252 653
252 258
253 331
254 249
255 565
256 238
257 445
259 692
260 213
260 780
261 4278
262 635
262 150
262 250
264 275
264 52
264 761
265 236
265 503
266 331
267 637
267 745
268 107
269 321
270 516
272 112
272 713
273 309
274 836
274 40
275 737
276 331
277 791
278 331
279 624
280 262
280 263
281 321
282 525
283 238
284 263
285 308
286 608
287 289
288 65
288 812
288 213
288 48
289 738
289 236
289 503
289 1385
289 476
291 503
291 213
292 413
293 263
293 351
294 1179
296 703
298 1385
299 503
300 108
301 692
301 673
302 1649
303 692
304 238
305 178
306 836
309 803
310 503
310 1385
311 316
312 782
312 236
312 364
312 442
313 1952
314 715
315 842
316 535
317 849
317 575
318 556
320 783
320 503
320 1385
321 65
321 812
321 213
321 48
322 419
322 723
323 475
323 437
323 565
324 415
325 483
327 763
328 693
331 1649
331 302
332 1201
332 1358
333 836
334 504
335 588
336 649
336 647
337 141
338 635
338 150
338 250
339 263
339 351
341 308
341 503
341 1668
341 1385
342 85
343 565
344 196
344 738
344 595
344 503
344 299
344 123
344 151
346 201
347 495
347 279
348 556
348 200
348 1385
349 673
350 503
350 783
353 613
354 188
355 352
356 565
357 581
358 415
358 419
358 39
358 723
358 358
358 780
359 427
359 503
360 836
360 40
361 108
361 215
361 624
361 263
361 52
362 248
362 240
363 3212
363 3411
364 503
364 200
365 779
365 213
366 516
367 367
367 738
368 97
368 39
368 780
369 308
370 722
370 289
371 319
372 836
372 40
373 835
373 68
373 175
373 1184
373 575
374 534
374 200
374 706
374 364
375 489
375 410
375 673
376 200
376 348
377 172
377 854
377 289
378 352
378 485
379 321
379 213
380 345
381 313
382 419
382 97
382 39
382 723
382 780
383 85
384 565
384 503
384 295
385 262
385 150
386 399
387 849
389 836
390 331
390 302
391 850
391 302
391 308
392 562
393 238
394 535
395 828
395 395
395 681
396 613
396 108
396 624
396 187
397 267
397 637
398 316
398 626
398 535
400 738
400 503
401 308
401 65
401 291
401 842
401 416
401 213
402 302
403 331
403 850
403 1201
403 503
403 1385
404 759
405 295
407 779
407 213
408 236
409 357
409 582
409 581
410 489
410 673
411 193
412 33
412 243
412 565
412 331
412 68
412 850
412 253
414 795
415 647
415 295
416 308
417 331
417 302
418 560
420 613
420 476
421 503
421 1385
421 298
421 779
421 295
422 415
422 591
422 67
422 151
423 647
424 624
425 849
425 854
425 291
425 140
426 560
428 172
428 289
428 854
429 309
429 624
430 200
431 485
432 3784
432 132
432 667
433 236
433 1385
433 295
434 416
434 213
435 1385
436 295
437 475
438 503
440 503
440 1495
441 849
441 415
441 324
441 854
441 407
441 39
441 291
441 321
441 575
441 213
441 643
442 737
443 3714
444 331
444 302
446 415
447 399
448 494
448 213
449 108
449 352
450 319
451 399
452 615
453 503
453 1385
456 503
456 1385
456 248
456 575
457 415
457 503
457 1385
457 213
458 302
458 265
458 575
459 191
460 313
461 712
462 267
462 515
463 308
463 503
464 795
466 495
467 483
468 1946
469 415
469 33
470 470
471 439
472 263
473 476
474 158
475 351
477 331
477 738
477 298
478 483
479 141
480 503
481 595
482 589
483 1789
483 399
483 702
484 233
484 507
485 352
485 595
486 319
487 653
488 297
490 595
490 495
491 689
492 197
493 345
494 213
496 613
497 262
497 150
498 647
498 295
499 812
500 388
501 503
501 200
501 364
502 595
502 495
505 295
506 289
506 123
507 565
508 243
509 503
510 595
511 4278
512 299
512 624
512 503
514 108
514 624
514 215
515 249
517 455
518 836
519 1201
519 236
519 738
519 503
519 289
519 200
519 348
519 364
520 236
521 188
522 565
522 243
523 187
524 782
524 615
524 151
524 309
524 603
525 302
526 197
527 850
527 302
527 308
528 849
529 738
530 331
531 331
532 243
533 308
533 503
534 364
534 102
536 367
537 503
538 108
538 624
538 215
539 1385
539 248
540 692
540 303
541 565
541 503
542 302
543 503
543 575
544 248
545 112
546 119
546 454
547 503
547 364
548 213
550 316
550 626
550 535
551 351
552 779
552 213
553 503
554 515
555 351
557 606
557 91
559 340
563 263
564 647
564 503
566 709
568 483
569 108
569 761
570 585
571 637
572 588
573 302
574 782
575 415
575 503
576 351
579 331
579 195
580 399
580 589
581 357
581 582
583 649
583 647
584 399
584 503
584 289
586 783
586 503
586 1385
587 238
590 796
590 319
590 371
592 213
592 48
594 172
594 503
595 495
596 78
598 236
598 503
598 3407
598 1385
599 213
599 829
599 352
601 1608
602 582
602 581
604 236
604 4093
605 565
605 356
607 236
609 236
609 295
610 613
610 485
610 331
611 503
611 415
611 191
612 236
613 476
614 236
615 588
616 262
616 723
617 693
619 213
620 790
621 831
622 505
623 558
625 738
625 503
625 1385
625 298
625 779
625 295
626 535
627 516
628 1358
628 731
629 723
629 578
630 291
630 213
630 48
631 489
631 673
632 151
633 331
634 565
634 351
635 406
635 460
636 331
637 745
638 212
639 637
640 797
640 31
641 256
641 238
643 291
644 200
645 331
645 738
645 779
645 298
645 115
646 576
646 565
648 637
648 745
649 1706
650 197
651 236
652 212
653 751
654 898
655 188
656 613
656 254
656 595
656 495
656 249
657 108
659 565
659 660
661 295
662 331
662 850
662 1201
662 1385
663 331
664 778
665 352
665 595
666 666
668 668
668 3292
669 262
669 150
670 647
671 624
671 750
671 485
672 108
674 111
674 151
674 189
674 213
674 829
674 352
674 295
675 503
676 439
677 722
678 489
678 410
678 673
679 3411
679 719
680 65
680 213
680 416
680 151
681 395
681 828
682 682
683 565
683 313
683 271
684 630
685 685
685 779
687 263
688 642
691 108
691 624
691 496
691 495
692 692
694 399
695 836
696 503
696 299
697 850
698 141
699 1179
699 525
700 608
701 40
702 399
704 561
705 692
706 503
706 200
707 415
708 112
708 1533
708 1564
708 1195
709 709
710 415
711 738
714 495
715 439
716 172
716 854
716 289
717 692
718 194
719 3411
720 108
720 624
720 66
721 331
722 236
722 503
722 289
722 364
724 503
724 289
725 308
726 1946
726 319
726 371
727 577
728 236
729 717
730 513
732 503
732 416
733 248
733 240
735 351
736 496
736 138
737 615
738 236
738 503
738 3407
738 1385
739 647
740 352
741 597
742 388
743 600
744 215
744 624
744 503
744 263
744 52
746 466
746 331
747 307
748 331
749 140
750 155
752 801
753 588
755 693
756 40
757 97
757 39
757 780
758 642
760 351
761 52
761 737
762 248
762 295
764 108
764 215
764 624
764 263
764 52
765 503
766 357
766 582
767 567
767 767
768 768
769 496
769 138
770 751
771 331
771 503
772 236
772 194
773 541
774 497
774 754
774 262
775 236
775 503
775 159
776 637
777 502
779 236
779 1566
779 115
780 329
780 446
780 291
780 213
781 85
783 503
783 200
784 141
785 692
786 692
787 454
788 503
788 197
789 33
790 466
790 331
792 503
792 792
792 263
793 243
794 399
795 351
796 1946
796 319
796 371
798 503
799 690
800 647
800 295
801 212
802 565
803 803
803 151
803 485
804 331
805 516
806 503
807 197
808 578
808 213
808 416
808 842
809 33
809 565
810 854
811 483
811 478
812 331
812 68
812 831
812 240
812 351
813 738
813 236
814 52
815 108
816 455
817 309
818 92
818 213
818 829
819 3292
819 3640
820 563
821 331
821 295
821 597
821 42
822 692
823 850
823 416
824 581
825 1335
826 256
827 647
827 415
827 849
827 503
827 213
827 829
829 92
829 812
830 151
830 492
832 849
832 854
832 291
832 140
833 351
834 565
836 693
837 238
838 525
838 791
839 308
839 503
840 565
841 112
841 235
843 47
843 236
843 295
844 201
845 191
845 505
845 352
845 635
846 693
847 738
848 263
848 213
848 497
848 780
849 647
849 295
850 331
850 302
851 850
851 503
852 37
852 1687
852 330
852 2172
853 329
854 849
854 831
854 575
855 1621
855 1615
855 1648
855 1433
855 1485
857 1148
857 1649
858 993
859 1457
859 1080
860 503
860 1385
861 1411
861 4512
862 4049
862 4512
863 1371
863 1189
864 898
864 1457
864 1190
864 856
865 912
866 1179
867 1197
867 1241
867 999
868 894
869 1595
869 898
869 3270
870 1201
871 972
871 1107
871 1035
872 1375
872 1339
872 1597
872 1493
872 1064
873 4040
874 1506
874 1125
875 1250
877 879
878 1119
880 1018
881 1628
882 1250
883 2873
883 1241
883 1328
883 1493
884 1148
885 1375
885 1339
885 1597
885 1493
885 1064
886 1429
886 1298
886 1064
886 1139
887 1373
888 1595
889 862
890 1064
891 972
891 2263
891 1477
892 1148
894 1195
895 1045
895 1457
895 898
896 1016
897 1127
898 1303
899 1368
899 1433
900 1034
901 1303
901 898
902 1106
902 999
903 2097
903 1179
903 1649
904 1558
905 1197
905 1493
906 922
906 999
906 1446
906 1680
907 1521
908 1197
908 908
908 1282
908 1601
908 999
908 1352
909 912
909 1220
909 1699
909 1440
909 1631
909 1390
909 1149
910 495
911 994
913 947
913 1425
913 1041
913 1603
914 1458
915 1560
916 2549
917 1335
917 1457
918 1375
918 862
918 1326
918 1067
919 1649
920 862
920 1326
920 1067
923 1419
924 1179
925 1696
926 926
927 1035
927 1424
928 1628
928 912
929 880
930 1232
931 1429
931 1139
932 3589
932 3313
932 3590
933 1566
934 1595
935 1102
936 899
937 1148
937 1067
938 2567
939 1537
942 1271
942 3755
943 4040
943 873
944 1195
945 912
945 3830
945 1442
948 1358
950 950
950 1537
951 1425
951 1403
952 1314
953 637
955 1147
956 1429
957 1197
957 1603
957 1374
957 1368
958 2567
959 1699
959 1694
960 1303
961 1122
962 999
962 1036
962 1083
962 1136
963 1315
963 1100
964 1457
965 1195
965 1197
965 893
965 1106
965 1352
965 1542
966 1519
966 1506
966 999
966 1034
967 1564
967 1064
968 1493
968 1064
969 1192
969 1192
970 1591
970 1493
970 999
971 1628
971 912
973 1197
973 1352
974 3016
975 4049
976 1083
976 1136
976 1513
976 1591
976 1519
976 1506
976 906
976 1036
976 999
977 1201
977 1358
978 975
979 1597
979 1493
979 1064
979 999
980 1122
980 1314
981 898
982 1649
983 1457
983 1080
984 1225
985 1495
985 1149
985 912
986 1375
986 862
986 1493
986 1064
986 999
988 1230
988 1197
990 1371
990 898
991 1477
992 1585
992 1057
992 1558
994 1595
995 1148
996 944
997 4049
999 1197
1000 1457
1000 898
1001 503
1001 295
1002 954
1004 895
1006 1239
1006 1358
1007 947
1007 1237
1007 1093
1008 1615
1008 1433
1009 1286
1009 1253
1010 894
1011 1493
1011 1564
1012 946
1013 1179
1013 1694
1013 1506
1014 1493
1014 999
1015 1572
1017 1696
1019 993
1019 1019
1020 1358
1020 987
1021 1290
1022 1660
1022 1106
1023 1083
1024 1358
1025 1179
1025 1694
1025 1125
1026 1038
1026 2873
1027 1358
1028 1290
1028 1021
1030 1585
1030 1248
1031 615
1031 712
1033 1136
1033 1519
1033 1354
1033 999
1034 1660
1034 1179
1034 1106
1036 1519
1036 1148
1036 999
1038 2565
1039 1189
1040 1310
1040 1122
1040 1457
1040 1005
1040 1370
1040 948
1040 1091
1040 1184
1040 880
1041 1005
1041 1192
1042 1429
1043 880
1044 1197
1044 947
1044 1310
1044 1358
1044 1352
1045 898
1046 1024
1047 1317
1048 4049
1048 4174
1049 1521
1052 947
1053 1368
1054 1115
1055 3907
1055 2642
1055 975
1056 1242
1056 948
1056 993
1056 1603
1056 1616
1057 1585
1058 3270
1059 1585
1060 1358
1060 1195
1060 1375
1060 1425
1060 1093
1062 999
1063 1572
1064 1197
1064 1328
1064 1493
1064 999
1065 1649
1065 4174
1065 3990
1066 1457
1066 1370
1066 1192
1066 1192
1067 862
1067 1326
1068 1197
1068 1493
1068 999
1068 1352
1069 1125
1069 1506
1069 1067
1070 912
1071 1083
1072 1078
1072 1506
1073 1090
1073 1699
1074 1358
1074 1195
1074 1375
1074 1425
1074 1093
1075 1197
1075 1591
1075 999
1076 1443
1077 972
1077 2263
1077 1477
1078 1417
1079 1649
1080 1457
1081 1197
1081 1230
1081 862
1081 1440
1081 999
1082 1061
1083 1195
1083 999
1083 1352
1083 1106
1084 880
1084 2567
1085 1005
1085 859
1086 1051
1087 4049
1088 862
1088 1488
1089 879
1091 1515
1091 1457
1091 1358
1092 1696
1093 947
1093 1425
1093 1358
1093 1100
1094 1646
1094 944
1095 862
1095 1326
1096 1317
1097 2687
1097 999
1098 4049
1099 1197
1099 1493
1099 1328
1099 999
1100 1368
1100 912
1101 1477
1103 1174
1103 1029
1104 946
1105 993
1106 1352
1106 1197
1107 1612
1107 1035
1108 1375
1108 1328
1108 999
1109 1024
1109 1035
1109 1415
1109 934
1110 1052
1110 1457
1110 1370
1111 999
1111 1352
1111 1493
1111 1032
1112 1560
1113 1203
1113 945
1114 954
1116 1502
1116 1535
1117 993
1118 1495
1120 993
1120 1603
1121 1502
1121 1535
1123 1585
1123 1248
1124 1352
1124 1197
1125 1344
1125 944
1125 1506
1125 1179
1125 1694
1125 1352
1126 1620
1126 940
1126 3971
1128 1493
1128 999
1129 1289
1130 933
1130 1566
1131 1699
1132 1125
1132 1032
1132 1179
1132 1205
1133 944
1134 1051
1135 972
1135 972
1135 1035
1136 1493
1136 1669
1136 1023
1136 999
1136 1106
1138 1115
1140 1115
1141 880
1142 1585
1143 1290
1143 1021
1144 1197
1144 1328
1144 1493
1144 999
1145 972
1146 1174
1146 1029
1147 912
1147 3830
1147 1442
1147 1485
1148 1649
1149 946
1149 921
1150 862
1150 1326
1151 1362
1152 946
1153 1477
1154 1083
1154 1623
1154 999
1155 972
1155 2263
1155 1477
1156 1564
1156 1493
1156 1613
1156 1064
1157 1409
1158 993
1159 1174
1159 898
1160 1005
1160 1110
1161 1425
1161 1403
1162 1148
1162 1649
1163 1179
1163 1439
1164 994
1165 1595
1166 880
1167 1032
1167 1506
1168 1495
1168 1220
1168 1149
1168 912
1169 1371
1170 1050
1171 1660
1171 1106
1173 1109
1173 1244
1173 1199
1173 1609
1173 1127
1175 1358
1176 1195
1177 1660
1179 1660
1179 1694
1179 1649
1180 1552
1181 898
1181 1414
1182 1615
1182 1137
1183 1032
1185 1660
1185 1372
1186 1439
1187 1694
1187 1506
1187 1125
1187 1660
1187 944
1187 1352
1187 1179
1187 1649
1188 1210
1188 1530
1188 1122
1188 825
1188 961
1189 1371
1189 898
1190 898
1190 1457
1190 1190
1190 856
1191 1310
1191 1457
1191 1477
1191 1347
1192 1477
1193 1034
1194 1585
1196 316
1198 931
1198 1139
1198 1042
1199 1100
1200 1205
1200 1701
1201 3270
1202 717
1204 1506
1204 1179
1205 1078
1205 1125
1205 1032
1206 1655
1207 1005
1207 1192
1207 1192
1207 1110
1209 912
1210 1197
1210 1352
1212 1349
1213 994
1214 1242
1214 948
1214 993
1214 1603
1214 1616
1215 4049
1216 465
1217 857
1218 1608
1219 1493
1219 999
1220 1495
1220 1149
1220 912
1221 898
1222 1035
1223 1375
1223 862
1223 1339
1224 1564
1224 1064
1226 1501
1226 3755
1227 938
1227 999
1227 1352
1228 1700
1229 4512
1230 1197
1231 1411
1233 1220
1233 1440
1233 1699
1233 1390
1234 1613
1235 1697
1235 1223
1235 1375
1235 1067
1235 1403
1236 999
1236 1352
1236 1106
1237 1197
1237 947
1237 1310
1237 1358
1237 1352
1238 1660
1238 1694
1238 1649
1239 1358
1239 1195
1240 1115
1241 1197
1241 1493
1241 1328
1241 999
1243 1420
1244 4049
1245 972
1245 972
1245 1107
1245 1035
1246 1029
1247 947
1247 1425
1248 1585
1249 1172
1249 1491
1251 1495
1252 1254
1254 1440
1254 615
1254 712
1255 1179
1256 898
1256 1257
1256 1534
1261 974
1261 1328
1262 1649
1263 1495
1264 1078
1264 1125
1264 1506
1265 1358
1266 912
1267 1552
1268 1425
1268 862
1268 1358
1268 1093
1268 1195
1269 1457
1270 944
1270 1471
1270 1352
1270 1508
1270 1148
1272 1628
1272 912
1273 4049
1274 2097
1274 1491
1275 1083
1275 1669
1275 999
1276 1083
1276 1136
1276 1513
1276 1591
1276 1519
1276 1506
1276 906
1276 1036
1276 999
1277 1864
1278 1303
1279 1149
1280 1654
1280 1358
1281 1660
1281 1694
1281 1649
1282 1197
1282 1601
1282 1035
1283 999
1284 1697
1284 1368
1285 1440
1285 1064
1285 1613
1285 999
1286 972
1286 1560
1286 899
1286 1147
1287 862
1288 1696
1288 1411
1289 1358
1291 1390
1291 944
1291 1699
1291 1149
1292 1016
1292 1192
1293 1537
1293 1152
1294 1372
1295 1267
1296 1197
1296 862
1296 1328
1296 1493
1296 1064
1296 999
1297 898
1299 1197
1299 1493
1299 999
1299 1352
1300 1148
1301 1266
1302 972
1302 2263
1302 1477
1304 2918
1305 1425
1306 1864
1307 1506
1307 1125
1308 1506
1308 1078
1308 1352
1308 1624
1311 1493
1311 1375
1311 999
1311 1440
1311 1197
1311 862
1311 1328
1312 1527
1313 898
1316 1083
1317 1358
1318 1315
1318 912
1318 1100
1319 1352
1320 1506
1320 1125
1321 1185
1322 1613
1322 1493
1322 1064
1322 999
1323 1333
1324 1115
1326 862
1326 1488
1327 1371
1327 1189
1327 1610
1328 1197
1328 1241
1328 999
1329 1197
1329 1241
1329 999
1330 1335
1330 1022
1330 1090
1331 1179
1331 1694
1331 1506
1332 1660
1332 1179
1332 1106
1333 1375
1333 1282
1333 1602
1333 1613
1333 999
1334 1477
1336 999
1337 1371
1337 1189
1338 1372
1340 1411
1341 1649
1342 639
1343 2951
1345 941
1346 4049
1350 999
1351 1045
1351 1457
1351 898
1352 1197
1352 1195
1353 1372
1354 999
1355 999
1356 946
1356 921
1357 975
1359 1628
1360 1208
1361 1115
1363 1197
1363 1195
1364 1357
1364 975
1365 1358
1366 1258
1367 895
1369 1628
1369 912
1372 1660
1372 912
1374 1197
1374 1603
1374 957
1374 1368
1374 1330
1375 862
1375 1339
1376 1195
1377 862
1377 1326
1378 1368
1379 1597
1379 1064
1379 999
1380 893
1381 862
1382 1037
1383 1119
1384 862
1385 1201
1385 1358
1386 1441
1386 1506
1386 1125
1386 1291
1386 1067
1386 999
1387 1197
1387 1613
1387 1493
1387 1064
1388 1595
1389 1061
1390 1372
1391 1358
1391 1636
1391 1100
1392 1109
1392 1310
1392 1425
1392 1477
1392 1301
1392 1082
1392 1110
1393 1172
1394 1197
1394 1493
1394 1328
1394 999
1395 1038
1396 1289
1396 1358
1397 1290
1398 994
1399 1325
1399 1506
1399 1067
1399 999
1399 1352
1399 1106
1400 1613
1400 1493
1400 1328
1400 1241
1400 1064
1401 1136
1401 1148
1401 1354
1401 1591
1401 976
1401 1519
1401 999
1402 912
1402 3830
1402 1442
1403 1425
1403 1375
1403 862
1403 1358
1403 1093
1403 1195
1404 1371
1405 1184
1406 495
1407 1700
1408 1197
1408 1195
1408 1352
1408 1106
1408 1542
1409 1184
1410 1201
1411 1696
1411 1411
1412 1662
1413 1457
1413 1115
1414 898
1415 1115
1416 1315
1416 1100
1418 2861
1418 2960
1418 3032
1418 1418
1421 999
1422 249
1423 898
1423 1649
1424 972
1424 972
1424 1035
1425 1100
1426 946
1426 1152
1426 1149
1427 4512
1427 1061
1428 912
1430 2567
1431 1232
1431 1211
1432 1090
1432 975
1432 1372
1432 912
1433 912
1434 1585
1435 2918
1436 637
1437 1195
1437 999
1438 1456
1438 1148
1438 1526
1439 1649
1440 1699
1441 1230
1442 1035
1444 1608
1445 1375
1445 1328
1445 999
1446 1051
1447 1100
1448 993
1449 1457
1450 898
1451 1266
1451 3270
1452 2541
1453 1649
1454 295
1455 1003
1455 1534
1457 1266
1457 3270
1458 972
1458 1477
1459 1558
1460 1686
1460 1494
1461 1417
1461 1125
1461 1660
1461 1179
1461 3135
1461 1106
1462 2809
1462 2472
1462 2472
1463 1335
1463 1685
1464 1003
1464 898
1465 999
1466 1115
1467 1038
1468 1203
1468 1704
1469 1325
1469 894
1470 1502
1470 1535
1471 944
1471 1495
1471 1197
1471 1195
1471 999
1471 1471
1471 1352
1471 1125
1472 1258
1472 1178
1473 1495
1473 1149
1473 912
1474 1333
1474 1322
1474 1602
1474 1557
1474 1613
1474 1493
1474 1064
1475 1310
1475 1457
1475 1477
1475 1347
1477 1628
1477 912
1478 1358
1479 1425
1479 999
1479 1352
1480 1197
1480 1428
1480 1035
1480 912
1480 1601
1480 1428
1481 1266
1481 3270
1482 862
1482 1326
1482 1067
1483 1003
1483 1534
1484 1390
1484 1615
1484 4174
1485 1115
1486 1358
1487 1560
1489 998
1490 1064
1492 1083
1492 1136
1492 1506
1493 1197
1493 1230
1493 862
1493 1440
1493 999
1494 1686
1496 1597
1496 1493
1496 1064
1496 999
1497 1078
1497 1506
1498 944
1499 1314
1500 1628
1501 3755
1503 1477
1503 1368
1503 912
1503 1100
1504 999
1505 1172
1505 1491
1506 1106
1506 1352
1506 1542
1507 1457
1508 1495
1509 1419
1510 1197
1510 1241
1510 999
1511 1595
1512 1425
1512 1531
1512 1020
1512 2541
1512 987
1512 3908
1513 999
1514 1016
1514 1115
1515 1457
1516 745
1517 946
1517 1152
1517 1149
1518 1303
1519 1136
1519 1513
1519 1506
1519 1106
1520 1565
1522 1694
1522 1506
1522 1125
1522 1660
1522 944
1522 1352
1522 1179
1523 1149
1524 1122
1525 1197
1525 1230
1525 862
1525 1326
1525 1440
1525 999
1528 1390
1528 1615
1529 1102
1530 1390
1530 1210
1530 1335
1530 825
1530 949
1531 987
1532 1184
1534 1148
1534 1649
1535 1189
1536 1197
1538 1201
1539 1440
1539 999
1539 1493
1539 1197
1539 1613
1540 1197
1541 1064
1542 1352
1543 4049
1544 1003
1544 1534
1545 2951
1545 1267
1545 2687
1546 1083
1546 1197
1546 1282
1546 1358
1547 994
1548 1425
1549 1348
1550 1022
1551 1290
1551 1021
1553 1566
1554 1197
1554 1195
1554 1542
1555 1946
1555 933
1555 91
1555 2179
1556 933
1557 1613
1557 1493
1557 1328
1557 1241
1557 1064
1559 1078
1559 1125
1559 1506
1561 1493
1561 1328
1562 1562
1563 1195
1564 2873
1564 1241
1564 1328
1564 1493
1567 1041
1567 1192
1567 1110
1568 975
1569 1593
1570 1005
1570 1192
1571 1424
1573 898
1573 1352
1574 1411
1575 1259
1576 1628
1576 912
1577 1029
1578 1348
1579 1485
1579 1457
1579 1515
1580 1409
1581 1649
1582 1476
1583 1375
1584 1102
1586 1582
1587 1262
1587 999
1588 1197
1588 1439
1588 1078
1588 1680
1588 1326
1588 1067
1588 1552
1588 1493
1588 999
1588 1352
1588 1106
1588 1095
1589 1303
1590 954
1590 1309
1590 999
1591 1197
1592 1592
1594 1290
1596 1035
1597 1064
1597 1241
1597 1328
1597 1493
1598 1298
1599 1372
1600 1148
1600 1649
1601 1197
1601 1035
1602 1197
1602 1375
1602 1282
1602 975
1602 862
1602 1326
1602 1440
1602 1339
1602 1067
1602 1613
1602 1285
1602 1597
1602 1493
1602 1564
1602 1064
1602 999
1602 1095
1603 1109
1603 1310
1603 1425
1603 1041
1603 1477
1603 1301
1603 1082
1603 1110
1604 1102
1605 1029
1606 1115
1607 1148
1608 1201
1608 1390
1609 1127
1610 1371
1611 1328
1611 1375
1612 1035
1613 1197
1613 1375
1613 862
1613 1440
1613 1328
1613 1493
1613 1064
1613 999
1614 1419
1614 1050
1616 993
1616 1603
1617 1148
1618 1375
1618 862
1618 1326
1618 1067
1619 1506
1621 912
1622 1266
1623 2642
1623 2837
1624 1195
1624 1352
1625 1197
1625 1322
1625 1299
1625 1285
1625 1597
1625 1493
1625 1548
1625 1095
1626 2541
1627 1477
1627 2036
1627 1358
1628 1315
1628 1100
1629 1018
1630 1266
1630 3270
1631 1390
1631 1440
1631 912
1631 1149
1631 1220
1632 999
1632 1493
1632 1136
1632 1106
1633 876
1634 1648
1635 1660
1635 1179
1635 1106
1637 1419
1637 1050
1638 1502
1638 1535
1639 1608
1640 1127
1641 1045
1641 1698
1642 898
1643 4049
1644 4049
1644 4512
1645 1148
1645 1660
1645 1034
1647 4195
1649 1148
1650 1260
1651 1148
1652 1197
1652 1328
1652 1493
1652 999
1653 1506
1654 995
1654 1266
1654 1457
1655 1152
1655 1149
1656 1623
1656 2687
1657 3270
1658 1429
1659 898
1661 1649
1662 1674
1663 1700
1664 1335
1664 949
1664 1694
1664 1179
1664 1330
1665 1628
1666 1457
1667 880
1668 4040
1668 873
1669 1083
1670 1201
1671 313
1672 738
1672 236
1673 2541
1675 1290
1676 1417
1677 3589
1677 3590
1678 191
1679 1197
1679 1533
1680 999
1681 1521
1682 1051
1683 1578
1684 1203
1684 1113
1687 1102
1688 1417
1689 1372
1690 1457
1691 944
1692 1109
1693 1195
1694 1660
1694 1372
1695 1521
1697 1368
1698 1109
1698 1457
1698 1080
1698 1507
1702 1621
1702 1615
1702 1648
1702 1433
1702 1485
1703 1660
1703 1694
1703 1649
1704 1578
1704 1203
1705 999
1707 2166
1708 2263
1708 2263
1708 2051
1708 2305
1709 1942
1709 2070
1710 2065
1711 2063
1712 2065
1712 2049
1712 1977
1713 2122
1714 2097
1715 1927
1716 2210
1717 2263
1717 2263
1717 2051
1717 2305
1718 2050
1719 1871
1719 2153
1721 1871
1722 2075
1723 1878
1724 2255
1725 3138
1726 1805
1727 2222
1728 1911
1729 2091
1729 2060
1730 2180
1731 2113
1732 2177
1734 2271
1735 2121
1735 1735
1736 1956
1737 2301
1738 1845
1739 2118
1739 2217
1740 2100
1741 2070
1742 1992
1743 2102
1744 1786
1745 2049
1746 1803
1746 2274
1746 1977
1746 1712
1747 1813
1748 2096
1749 2195
1750 2050
1751 1972
1752 2122
1752 2117
1754 2070
1755 2233
1756 2263
1757 1764
1758 1662
1760 2039
1761 2153
1761 1733
1762 2199
1762 1857
1763 2177
1765 2262
1766 1878
1766 1723
1767 2048
1768 2177
1769 2195
1770 2177
1771 2065
1771 1842
1772 2177
1773 1808
1776 2060
1776 2071
1777 2195
1778 1836
1779 1839
1780 1937
1780 1836
1781 2070
1783 1836
1784 1864
1785 1885
1787 1938
1788 2182
1788 1960
1788 2077
1788 2055
1790 1972
1791 1782
1791 2043
1792 2177
1794 1794
1794 2177
1795 1992
1796 2282
1797 1797
1798 2242
1798 1774
1800 1800
1800 2107
1802 1911
1804 2177
1806 2034
1809 1911
1810 2098
1811 1839
1811 1782
1811 1957
1812 2177
1815 2065
1817 2098
1818 2017
1819 1958
1820 2231
1821 2181
1821 2182
1821 2197
1822 1839
1822 2091
1822 2060
1823 1916
1824 1824
1824 2017
1827 2181
1828 1848
1829 2065
1830 2195
1831 2274
1832 2177
1832 1728
1833 2242
1833 2171
1833 2184
1833 2270
1833 2077
1834 2177
1834 2079
1835 1915
1835 1967
1836 2283
1837 1801
1838 2070
1841 3130
1841 1938
1841 2073
1842 1878
1843 2263
1843 2263
1843 2051
1843 2305
1844 2242
1844 1840
1844 1978
1845 1946
1846 1987
1847 2050
1848 1864
1848 1836
1848 2127
1849 1826
1849 1786
1850 2233
1851 2118
1852 1864
1853 2069
1855 2046
1856 2093
1857 1957
1858 2129
1859 2127
1860 1735
1861 2071
1861 2233
1862 1768
1863 2177
1865 2177
1866 2049
1867 1777
1868 2274
1869 2006
1870 1805
1871 2195
1872 2177
1873 1962
1874 2242
1875 2274
1875 1911
1876 1946
1876 2034
1877 2177
1879 2181
1879 2182
1880 2181
1880 2182
1880 2197
1881 2182
1881 2002
1882 1946
1883 2265
1884 2177
1886 2153
1887 2070
1888 2181
1888 2197
1889 1855
1890 2182
1891 1871
1891 1903
1891 1864
1891 2009
1892 3053
1893 1729
1894 2274
1895 2195
1897 1720
1898 2177
1899 1759
1900 1942
1901 1885
1902 2050
1903 1864
1903 1836
1904 2091
1905 2177
1907 1972
1907 2070
1908 1987
1908 1728
1909 2233
1910 1946
1910 2034
1912 1786
1913 2139
1914 2270
1916 2070
1917 1728
1918 3458
1919 2043
1920 2187
1920 1992
1921 2050
1923 1942
1923 2070
1925 2182
1925 1977
1925 1960
1926 1924
1926 1803
1928 1946
1928 2034
1928 1845
1929 1941
1929 1782
1929 2071
1930 2279
1930 2214
1931 1933
1932 2242
1932 2122
1934 215
1935 1864
1935 1836
1936 1911
1937 2195
1938 2153
1939 2223
1940 2177
1942 2070
1943 2006
1944 2171
1945 2060
1947 1957
1947 2233
1948 2153
1949 1938
1950 2162
1951 2519
1951 1969
1953 1968
1953 1953
1954 2048
1955 2059
1956 2070
1959 2177
1959 2058
1960 2049
1960 1960
1961 1933
1963 2177
1964 2177
1964 2079
1965 1803
1965 1788
1966 2177
1967 1915
1968 2256
1968 1968
1969 2519
1969 1969
1970 2096
1971 2255
1973 1836
1974 2242
1974 2122
1974 2065
1974 2252
1975 2263
1975 2263
1975 2051
1976 2201
1979 1979
1980 2153
1981 2132
1981 2031
1982 1982
1982 2281
1983 2201
1984 2279
1985 1786
1986 1968
1986 1953
1987 1813
1988 2006
1990 1797
1991 1840
1991 2055
1994 1992
1995 1805
1996 1899
1996 1759
1997 1807
1998 1855
1999 2070
2000 2017
2003 2050
2004 1813
2005 2263
2005 2263
2005 1717
2005 2137
2006 2042
2006 2112
2007 503
2011 2277
2012 2177
2013 2050
2014 2177
2015 2255
2016 2177
2018 2070
2019 2019
2020 1774
2021 2050
2022 2304
2023 1799
2024 1922
2025 1805
2027 1782
2028 2122
2028 2117
2029 2065
2029 2252
2030 1885
2031 1885
2032 2049
2033 2063
2034 1946
2035 2048
2038 1782
2040 2263
2040 2263
2040 1717
2040 2137
2041 1942
2041 2070
2042 2039
2043 1782
2044 2097
2045 2031
2047 2177
2049 1840
2049 2055
2051 2263
2052 2177
2053 2177
2053 1917
2054 2177
2056 2263
2057 2153
2057 1864
2058 2177
2060 2091
2061 2163
2062 2077
2064 1797
2066 2070
2067 2199
2067 1857
2068 2251
2072 2287
2073 1938
2073 1787
2074 2148
2076 2060
2078 2182
2079 2177
2080 1803
2080 2174
2081 1839
2081 2241
2082 1750
2084 1782
2085 2182
2086 1803
2087 1800
2087 2107
2089 1977
2090 1978
2092 2031
2094 2263
2094 2263
2094 2051
2095 1753
2097 1172
2099 1825
2101 2127
2103 2065
2104 1896
2105 1775
2106 2182
2107 2107
2108 2088
2109 2228
2110 1848
2110 2127
2111 2070
2113 1871
2114 2058
2115 1921
2116 2050
2118 2118
2119 1921
2120 1782
2123 2181
2123 2182
2124 2263
2124 2263
2124 1717
2124 2137
2125 2177
2126 2042
2126 2112
2127 2257
2128 1941
2128 1782
2128 2071
2130 2083
2130 1793
2130 2071
2131 2263
2131 2263
2131 2051
2131 2305
2133 2177
2133 2254
2134 1987
2134 1728
2136 1946
2137 2263
2137 2051
2137 1717
2137 2263
2138 1962
2140 1855
2140 1967
2141 2065
2142 2177
2143 1816
2143 2050
2144 1977
2145 2118
2146 1848
2147 2006
2149 1911
2150 2070
2151 1717
2151 2040
2152 2177
2153 2069
2154 2177
2155 1962
2156 1987
2156 1728
2157 2519
2157 1969
2158 2263
2159 1797
2160 2177
2161 1782
2162 2162
2164 2164
2165 3138
2166 2195
2167 1846
2167 1911
2168 2050
2168 1805
2169 2263
2169 2263
2169 1717
2169 2137
2169 2040
2170 1813
2173 2279
2175 2240
2176 1925
2178 1957
2179 1946
2181 2182
2183 1855
2184 2049
2185 2255
2186 2274
2188 1972
2189 2026
2190 2182
2190 2177
2190 2058
2190 1911
2191 1801
2192 2177
2193 2177
2194 2177
2196 2263
2196 1756
2198 2070
2200 1952
2202 2242
2202 1803
2203 2017
2204 1840
2204 2055
2205 2177
2205 1989
2206 1717
2206 2263
2206 2051
2206 2263
2207 2065
2208 1782
2209 1855
2211 1994
2212 2070
2213 2069
2213 2201
2214 2050
2215 1782
2215 1957
2216 2070
2217 1808
2218 1803
2219 1856
2220 1878
2221 2283
2221 2127
2224 1839
2225 1836
2226 2177
2226 1911
2227 1777
2229 2091
2229 2010
2230 1814
2232 2177
2232 2070
2233 1782
2234 2091
2234 2060
2235 2065
2236 2129
2237 2096
2238 2181
2238 2077
2239 2282
2242 2181
2242 2182
2243 1960
2243 2118
2243 1992
2244 2201
2245 2070
2246 1972
2247 1854
2248 2177
2249 2050
2249 1805
2250 2065
2250 2252
2252 2065
2253 2181
2253 2182
2253 2197
2258 2228
2258 2228
2259 2177
2260 2037
2260 1938
2261 1972
2261 2070
2263 2263
2263 1756
2264 2070
2266 1946
2266 2034
2266 1845
2267 2026
2268 2177
2269 2177
2270 1774
2271 1972
2271 2153
2272 1782
2273 2262
2275 1962
2276 2070
2277 1906
2278 1911
2280 2096
2281 2281
2284 2177
2285 2255
2286 1836
2287 1885
2288 2127
2289 1925
2290 2065
2291 2153
2292 1993
2293 1972
2294 1972
2294 2070
2295 483
2296 1911
2297 1946
2298 1946
2299 2097
2300 2091
2302 2008
2303 2070
2304 1922
2305 2263
2305 2263
2305 2051
2306 2177
2307 2982
2308 2557
2308 2435
2309 2514
2310 2884
2310 2575
2311 2605
2313 2826
2314 2382
2316 2562
2318 2485
2318 2318
2321 3015
2322 2994
2323 2329
2323 2706
2324 2459
2324 2342
2324 2342
2325 2398
2327 2767
2328 2400
2328 2328
2328 2725
2331 2347
2331 2984
2331 2695
2332 2610
2332 2902
2333 2721
2333 2808
2334 2906
2335 2478
2336 2539
2337 2921
2337 2840
2338 3019
2339 2385
2341 2455
2344 2487
2345 2626
2346 2712
2346 2422
2348 2333
2348 2721
2349 2349
2350 2482
2352 2712
2353 2609
2354 2915
2355 2718
2356 2999
2357 3009
2358 2358
2359 2500
2360 2984
2361 2695
2362 2703
2366 2783
2367 2478
2368 2659
2369 2340
2371 2574
2372 2498
2373 2565
2374 2676
2374 2385
2375 2875
2376 2363
2377 2796
2378 2410
2380 2999
2380 2970
2381 2921
2382 2702
2383 2380
2384 2673
2386 2903
2386 2734
2387 2803
2389 2618
2390 2722
2391 2400
2392 2364
2393 2820
2394 2695
2395 2399
2395 2764
2396 2478
2397 3018
2399 2399
2401 2525
2402 2681
2403 2982
2403 2902
2404 2902
2405 2656
2406 2645
2408 2430
2409 2964
2409 2317
2412 2522
2413 2422
2414 3016
2414 2951
2414 2642
2415 2319
2415 3923
2416 2842
2416 2877
2416 2999
2416 2839
2417 2610
2419 2845
2421 2767
2428 2428
2429 2322
2430 2610
2431 3019
2431 2338
2432 2400
2432 2328
2433 2398
2434 2783
2435 2400
2435 2725
2436 2763
2436 2839
2437 2592
2438 2438
2439 2854
2440 2617
2440 2328
2442 2557
2442 2435
2443 2487
2444 2818
2444 2424
2447 2510
2448 2893
2449 2762
2450 2642
2454 2365
2456 2767
2456 2921
2457 2564
2458 3647
2460 1003
2462 2562
2463 2697
2466 2712
2467 2999
2468 2884
2468 2575
2469 2546
2469 3018
2470 2808
2471 2985
2473 2473
2473 2422
2474 2350
2478 2610
2479 2803
2480 2837
2481 2449
2483 2845
2484 2610
2485 2498
2486 2320
2489 2350
2490 2695
2490 2640
2491 2420
2492 2363
2493 2982
2494 2854
2495 2333
2495 2721
2496 2661
2499 2330
2501 2329
2502 2695
2502 2640
2504 3019
2505 2514
2506 2413
2506 2712
2506 3023
2506 2473
2506 2473
2506 2857
2506 2422
2507 4512
2508 2902
2509 2852
2511 2734
2512 2478
2513 2695
2513 2984
2514 2734
2514 2769
2515 2604
2516 2767
2516 2921
2518 2906
2518 2817
2519 2604
2520 2948
2521 2902
2523 2400
2523 2725
2524 2767
2525 2525
2526 2423
2527 2417
2530 2969
2531 2764
2531 2977
2531 2588
2531 2531
2533 2666
2534 2487
2536 2435
2536 2725
2537 4271
2537 2808
2538 2822
2538 2830
2538 2573
2538 2677
2540 2763
2540 2839
2542 2764
2542 2977
2543 2543
2544 2682
2545 2407
2546 3018
2547 2695
2548 2507
2548 4512
2550 3035
2551 2312
2551 2503
2552 2517
2553 2430
2555 2668
2557 2617
2557 2328
2558 2423
2560 3000
2561 2418
2562 2903
2563 2329
2563 2706
2566 3006
2569 2343
2570 2921
2570 2767
2570 2871
2571 2571
2573 2830
2574 2371
2575 2499
2575 2572
2576 2452
2576 2422
2578 2699
2579 2424
2580 2767
2581 3006
2581 2581
2582 2994
2583 2487
2584 2854
2586 2402
2586 2681
2586 2681
2587 3006
2587 2587
2588 2764
2588 2977
2589 2923
2589 2948
2591 2500
2591 2772
2593 2422
2594 2842
2594 2312
2594 2588
2596 2559
2597 2716
2598 2725
2601 2495
2602 2417
2606 2722
2607 2577
2608 4420
2608 3939
2608 4144
2610 2478
2611 2445
2611 2519
2612 2312
2613 2425
2614 2476
2615 2617
2615 2328
2616 2478
2616 2994
2619 2848
2621 2565
2621 2837
2622 2422
2623 2413
2624 2845
2625 2902
2625 2403
2625 2848
2626 2465
2627 2712
2628 2695
2629 2629
2630 2333
2630 2495
2631 2712
2632 2921
2634 2695
2634 2891
2634 2685
2635 2856
2636 2330
2637 2899
2637 2737
2637 2952
2638 2557
2638 2435
2639 2424
2640 2695
2641 2903
2641 2734
2643 2913
2644 2379
2646 2866
2647 2670
2648 2648
2649 2467
2650 2610
2651 2330
2652 2572
2652 2884
2653 2883
2654 2982
2654 2422
2655 2315
2657 2413
2658 2597
2660 2660
2661 2610
2662 2522
2663 2837
2664 2857
2664 2422
2665 2600
2666 2666
2667 2441
2668 2668
2669 2568
2671 2562
2672 2459
2672 2342
2672 2342
2674 2822
2675 2767
2676 2590
2677 2830
2677 2822
2679 2529
2680 2921
2680 2767
2680 2871
2682 2549
2683 2695
2683 2413
2683 2422
2683 2623
2684 2557
2684 2435
2685 2695
2685 2712
2686 2498
2687 2642
2688 2688
2689 2689
2690 2382
2691 2371
2692 2565
2693 2329
2693 2706
2695 2413
2695 2712
2695 3023
2695 2473
2695 2473
2695 2857
2695 2422
2696 2617
2696 2442
2698 2921
2698 2767
2699 3012
2700 2762
2701 2422
2701 2473
2701 2701
2704 4420
2704 3939
2704 4144
2705 2425
2706 2329
2706 2501
2707 2678
2708 2554
2709 3030
2710 2999
2711 2411
2711 2869
2712 2422
2713 2870
2714 2999
2714 3025
2714 2540
2715 3001
2715 2959
2716 4040
2717 2465
2719 2699
2720 2540
2721 2894
2721 2637
2723 2400
2724 2610
2725 2400
2726 2808
2728 2695
2728 2422
2729 2453
2730 2400
2731 3023
2731 2422
2733 2637
2733 2721
2734 2769
2734 2514
2735 2475
2736 2557
2736 2435
2738 2767
2738 2921
2739 2620
2740 2333
2740 2495
2741 2985
2742 2603
2742 2880
2743 3834
2744 2744
2745 2473
2747 2510
2748 4049
2749 4049
2750 2676
2750 2385
2751 2655
2751 2535
2752 2407
2753 1003
2754 2443
2755 2597
2756 2756
2757 2848
2757 2332
2758 2478
2759 2718
2760 738
2760 2873
2760 1564
2761 2587
2764 2906
2764 2977
2764 2399
2765 2426
2766 2982
2766 2422
2768 2732
2770 2921
2771 2498
2773 2541
2774 2334
2774 2869
2775 2557
2777 2556
2778 1003
2778 2753
2779 2779
2779 2779
2780 2327
2780 2564
2781 2763
2781 2540
2782 2446
2785 2610
2786 2478
2786 2937
2786 2676
2787 2322
2788 2546
2788 3018
2789 2408
2789 3018
2790 2338
2790 2431
2791 2923
2792 2478
2793 2964
2793 2964
2793 2317
2794 2764
2794 2977
2795 2930
2797 2746
2797 2571
2798 2764
2798 2531
2798 2798
2799 2420
2800 2464
2801 2845
2802 2808
2805 2659
2805 2805
2806 2449
2808 2808
2810 2351
2810 3114
2811 2642
2811 2687
2812 2557
2812 2435
2813 2922
2814 2528
2814 2422
2814 2982
2815 2699
2816 2343
2818 2326
2819 2772
2819 2492
2821 2725
2821 2435
2822 2830
2823 2764
2823 2977
2823 2531
2824 2370
2825 2478
2826 2826
2827 2413
2828 2924
2829 2417
2830 2830
2831 2902
2832 2400
2832 2725
2833 2397
2834 2999
2835 2471
2836 2497
2838 4420
2838 3939
2838 4144
2840 2921
2841 2844
2843 2420
2844 2804
2846 2706
2846 2501
2847 2906
2848 2478
2848 2902
2849 2600
2850 3019
2851 2315
2853 2411
2855 2695
2858 2875
2859 2880
2860 2875
2861 2960
2861 2994
2862 2862
2863 2863
2864 2629
2865 2610
2867 2629
2868 2595
2869 2903
2872 3018
2874 2388
2875 3031
2876 2441
2877 2999
2878 2487
2879 2763
2879 2839
2880 2499
2880 2575
2880 2477
2882 2554
2885 2676
2885 2385
2886 4420
2886 3939
2886 4144
2887 2593
2887 2422
2888 2776
2889 2379
2890 2605
2892 2670
2895 4420
2895 3939
2895 4144
2896 2427
2896 2960
2896 2478
2896 2967
2897 2329
2898 3029
2899 2737
2899 2637
2899 2784
2900 2329
2901 2531
2902 3015
2903 2562
2904 2455
2905 2327
2907 2994
2908 2796
2909 2578
2910 2637
2911 2519
2912 2969
2914 2403
2914 2848
2916 2753
2917 2617
2917 2442
2918 2565
2919 2767
2920 3006
2921 2767
2923 2948
2924 2681
2924 2924
2925 2967
2926 2992
2928 2967
2929 2678
2930 2930
2931 2402
2931 2681
2931 2681
2931 3010
2932 4143
2933 2633
2934 2478
2935 2837
2936 2936
2936 2532
2936 2936
2937 2478
2937 2610
2938 2478
2939 2932
2940 2977
2940 2399
2941 2413
2942 2413
2942 2695
2942 2452
2943 2682
2944 2487
2945 2540
2946 2695
2946 2473
2947 2881
2949 2418
2950 2610
2950 2478
2953 2478
2954 2379
2955 2764
2955 2977
2956 2930
2957 2995
2958 2921
2959 3001
2961 2884
2962 2471
2962 3019
2963 2428
2964 2317
2965 2382
2966 2599
2967 2861
2967 2478
2967 2427
2968 2762
2971 2350
2972 2869
2973 2575
2974 2856
2975 2411
2975 2853
2975 2711
2976 2413
2976 2422
2977 2764
2977 2977
2978 2854
2979 2678
2980 2634
2981 2461
2982 2422
2983 2610
2983 2478
2983 2661
2983 2861
2984 3910
2986 2884
2987 2877
2988 2699
2989 2451
2990 2985
2991 2572
2991 2884
2993 2825
2996 3010
2996 4313
2997 2446
2998 3019
2999 2637
2999 2807
2999 2999
2999 2763
3000 2382
3001 3001
3001 2959
3002 2702
3003 2764
3005 2661
3007 2764
3007 2531
3007 2798
3008 2863
3010 3834
3011 2716
3013 2727
3013 2927
3014 2799
3017 2478
3017 2994
3020 2722
3021 3021
3022 3022
3023 2982
3024 2734
3026 2478
3026 2610
3027 2540
3028 2694
3030 1317
3030 2488
3032 1418
3033 2862
3034 2585
3036 2648
3038 3076
3039 3097
3040 3040
3043 3059
3045 3058
3047 3076
3048 3092
3050 3073
3052 3058
3054 3059
3055 3589
3055 3590
3056 3079
3057 3061
3058 3045
3060 3081
3062 3045
3063 3058
3065 3075
3065 3061
3066 3046
3067 3072
3068 3061
3069 3064
3070 3087
3071 3086
3073 3049
3075 3061
3075 3037
3078 3061
3080 3082
3083 3061
3083 3037
3083 3089
3084 3042
3085 3051
3088 3061
3088 3037
3088 3089
3090 3077
3091 3074
3092 3092
3092 3048
3094 3098
3095 3093
3096 3044
3096 3037
3099 3061
3099 3083
3100 3145
3100 3147
3100 3134
3101 3113
3101 3113
3102 1412
3103 3110
3104 2001
3104 3130
3104 3129
3105 3121
3107 3107
3111 3112
3113 3113
3115 3106
3116 3142
3118 3112
3120 3136
3122 2001
3123 3151
3125 3132
3126 3108
3127 3131
3128 3151
3128 3143
3130 1938
3130 2073
3130 3129
3131 3119
3135 1649
3139 3147
3139 3145
3140 3109
3141 3145
3143 3151
3144 3124
3146 3133
3148 29
3149 3109
3150 3150
3152 3117
3153 3411
3156 3534
3157 3219
3158 3158
3159 3590
3161 3722
3162 3162
3164 3313
3165 3527
3166 3359
3168 3413
3169 3323
3171 3661
3173 3313
3173 3573
3175 3664
3176 3485
3177 3817
3178 3480
3179 3803
3181 3718
3181 3206
3182 3753
3183 3313
3184 3761
3185 3384
3186 3313
3187 3466
3188 3233
3189 3198
3189 3457
3189 3215
3190 3268
3191 3336
3192 3628
3193 3193
3194 3817
3195 3794
3199 3771
3199 3197
3199 3459
3199 3320
3200 3437
3201 3781
3201 3794
3202 3589
3202 3590
3203 3589
3203 3259
3203 3164
3203 3590
3204 3676
3205 3449
3206 3181
3207 3602
3209 3777
3209 3313
3210 3774
3211 3474
3213 3276
3213 3767
3214 3774
3214 3566
3216 3216
3217 3548
3218 3392
3221 3685
3222 3234
3222 3594
3222 3626
3223 3418
3224 3794
3225 3313
3227 3693
3228 3590
3229 3817
3231 3450
3232 3688
3234 3449
3234 3248
3235 3419
3237 3701
3238 3155
3239 3495
3240 3640
3241 3346
3242 3334
3243 3560
3243 3646
3243 3589
3243 3669
3243 3541
3244 3324
3246 3265
3247 3313
3247 3198
3248 3626
3250 1521
3252 3410
3252 3208
3252 3706
3252 3339
3252 3272
3254 3797
3255 3595
3256 3517
3257 3504
3258 3486
3258 3180
3260 3174
3261 3198
3263 3644
3263 3745
3263 3470
3265 3246
3266 3336
3269 3644
3269 3197
3269 3470
3271 3402
3271 3551
3273 3814
3275 3769
3275 3421
3275 3781
3275 3769
3276 3767
3279 3279
3280 3514
3281 3562
3282 3400
3283 3679
3284 3359
3285 3307
3285 3188
3285 3233
3287 3620
3288 3817
3289 3449
3291 3421
3291 3274
3291 3436
3292 3703
3293 3293
3294 3492
3295 3688
3296 3797
3297 3348
3298 3437
3299 3197
3300 3300
3301 3293
3301 3293
3302 3302
3302 3302
3302 3302
3303 3449
3303 3248
3304 3154
3305 3168
3306 3220
3307 3188
3309 3590
3310 3246
3310 3265
3311 3466
3311 3441
3311 3319
3311 3329
3311 3406
3312 3586
3313 3589
3314 3744
3314 3731
3315 3612
3315 3219
3316 3434
3317 3613
3318 3589
3320 3717
3320 3438
3320 3629
3321 3293
3322 3707
3325 3456
3326 3326
3328 3771
3328 3470
3329 3406
3330 3421
3331 3458
3333 3534
3337 3717
3338 3449
3338 3248
3340 3340
3341 3313
3342 3794
3343 3767
3344 3468
3345 3590
3345 3164
3347 3594
3349 3589
3350 3350
3352 3172
3352 3747
3354 3418
3355 3522
3356 3666
3356 3590
3358 3588
3360 3270
3361 3313
3361 3590
3361 3362
3362 3589
3363 3590
3364 3168
3365 3479
3366 3589
3367 3579
3367 3755
3368 3537
3369 3437
3369 3565
3370 3775
3370 3004
3371 3286
3372 3693
3373 3672
3374 3266
3374 3336
3375 3589
3376 3270
3377 3789
3378 3557
3378 3417
3378 3464
3378 3378
3379 3457
3380 3421
3381 3308
3382 3529
3383 3313
3385 3717
3385 3438
3385 3629
3386 3313
3387 3590
3388 3608
3390 3313
3391 3702
3393 3313
3394 3351
3395 3615
3396 3794
3397 3710
3397 3339
3398 3313
3399 3624
3400 1521
3400 1049
3400 3250
3401 3786
3404 3546
3404 3590
3405 3761
3408 3748
3409 3546
3412 3556
3413 3600
3414 3414
3415 3569
3416 3590
3417 3163
3418 673
3422 3781
3422 3794
3423 3574
3424 3270
3425 3628
3425 3589
3425 3219
3425 3685
3425 3313
3425 3406
3426 3590
3426 3164
3427 3208
3428 3785
3428 3431
3428 3473
3428 3671
3430 3589
3432 3313
3432 3386
3433 3266
3433 3808
3433 3336
3435 3208
3435 3339
3436 3525
3436 3274
3438 3197
3439 3661
3440 3602
3441 3319
3441 3329
3441 3406
3442 3313
3443 427
3443 3443
3444 673
3444 3614
3445 3589
3446 3649
3447 3167
3448 3313
3448 3590
3449 3603
3452 3407
3457 3215
3459 3717
3459 3629
3460 3276
3460 3767
3461 3220
3462 3381
3462 3308
3463 3208
3463 3586
3464 3378
3464 3417
3465 3249
3467 3270
3469 3797
3470 3197
3471 3353
3472 3472
3473 3542
3475 3267
3476 3268
3477 3466
3478 3648
3478 3554
3481 3527
3482 3278
3483 3270
3484 3431
3484 3473
3484 3671
3485 3485
3487 3589
3487 3590
3488 3755
3489 3643
3490 3612
3490 3420
3490 3233
3491 3313
3493 3469
3493 3357
3496 3767
3497 3324
3498 3589
3499 3527
3500 3270
3501 3421
3501 3769
3502 3660
3503 3495
3504 3457
3505 3589
3505 3590
3506 3386
3506 3589
3506 3590
3507 3494
3508 3457
3509 3389
3510 3797
3510 3798
3510 3233
3511 3588
3512 3702
3513 3789
3515 3515
3518 3628
3518 3589
3518 3219
3518 3685
3518 3313
3518 3406
3519 3421
3519 3781
3520 3473
3520 3671
3521 3270
3523 3757
3526 3270
3528 3528
3529 3382
3530 3587
3531 3571
3531 3339
3532 3590
3533 3393
3533 3313
3535 3535
3536 3600
3537 3794
3538 3794
3539 3313
3540 3458
3543 3270
3544 3769
3544 3421
3546 3353
3546 3471
3547 3685
3549 3256
3549 3451
3549 3758
3550 3567
3552 3589
3552 3590
3553 3196
3555 3701
3556 3542
3557 3557
3558 3793
3559 3559
3559 3403
3561 3759
3563 3683
3563 3270
3564 3761
3565 3437
3570 3590
3571 3384
3571 3739
3571 3339
3571 3248
3571 3626
3572 3701
3572 3649
3573 3589
3575 3589
3576 3545
3577 3319
3578 3578
3580 3167
3581 3644
3581 3197
3581 3470
3582 3626
3583 3640
3584 3307
3584 3188
3584 3233
3585 3605
3585 3568
3586 3208
3588 3486
3589 3589
3589 3313
3590 3313
3591 3610
3592 3590
3592 3590
3593 3246
3593 3265
3595 3571
3595 3339
3596 3797
3596 3420
3596 3702
3597 3410
3598 3598
3599 3541
3601 3276
3601 3767
3606 738
3606 3453
3607 3419
3609 3706
3611 3589
3613 3584
3613 3307
3613 3188
3613 3233
3614 3418
3616 3327
3617 3617
3618 3590
3619 3492
3621 3253
3622 3218
3623 3313
3625 3769
3625 3421
3625 3794
3625 3750
3627 3568
3629 3635
3629 3470
3629 3745
3629 3629
3629 3629
3631 3589
3632 3389
3633 3339
3634 3789
3634 3455
3636 3262
3637 3236
3638 3253
3639 3484
3641 3212
3642 3437
3643 3605
3645 3794
3649 3529
3650 3359
3651 3313
3652 3246
3653 3557
3653 3417
3654 3421
3655 3760
3656 3655
3657 738
3657 3453
3658 3590
3659 3449
3659 3335
3661 3212
3661 3687
3662 3384
3664 3604
3664 3820
3665 3293
3666 3610
3667 3246
3667 3265
3668 3590
3670 3796
3672 3556
3673 3590
3674 3236
3675 3410
3675 3208
3675 3706
3675 3339
3677 3359
3678 3695
3680 3557
3680 3417
3681 3589
3681 3590
3682 3421
3682 3769
3682 3750
3683 3270
3683 3500
3684 3797
3684 3420
3684 3702
3686 3158
3687 3212
3689 3589
3689 3527
3690 3470
3690 3745
3690 3438
3690 3459
3690 3320
3690 3752
3690 3629
3691 3695
3692 3429
3697 3313
3697 3590
3699 3170
3700 3589
3702 3420
3702 3797
3704 3527
3705 3313
3705 3386
3705 3386
3708 3590
3709 3701
3710 3707
3710 3322
3711 3733
3712 3246
3712 3265
3713 3811
3714 3274
3714 3525
3715 3560
3716 3270
3718 3181
3719 3528
3720 3720
3720 3720
3721 3340
3722 3722
3723 3246
3723 3265
3724 3421
3724 3781
3725 3638
3725 3701
3725 3663
3726 3801
3727 3589
3727 3590
3728 3717
3728 3438
3728 3629
3729 3590
3730 3226
3732 3485
3734 3290
3735 3605
3735 3568
3736 3167
3737 3590
3738 3602
3739 3603
3739 3234
3739 3594
3739 3248
3739 3626
3740 3630
3740 3590
3741 3679
3742 3647
3743 3815
3743 3251
3743 3524
3744 3807
3746 3332
3747 3172
3749 3590
3750 3421
3750 3436
3750 3274
3751 3160
3752 3644
3752 3745
3752 3629
3754 3560
3754 3516
3756 3277
3757 3757
3758 3517
3761 3761
3762 3560
3762 3516
3763 3359
3764 3797
3764 3702
3765 3589
3766 3164
3768 3706
3769 3769
3769 3421
3770 3698
3771 3745
3771 3752
3771 3629
3772 3328
3772 3771
3772 3197
3772 3696
3772 3752
3773 3245
3775 3004
3776 3802
3776 3041
3777 3313
3778 3571
3779 3336
3780 3313
3781 3421
3781 3769
3781 3750
3782 673
3782 3614
3783 3604
3785 3473
3785 3671
3787 3536
3788 3706
3790 3313
3790 3386
3791 3590
3792 3757
3795 3694
3796 3693
3799 3767
3800 3230
3801 3794
3804 3471
3804 3546
3804 3590
3805 3449
3805 3335
3806 3454
3809 3340
3810 3557
3810 3417
3810 3378
3812 3270
3813 3816
3815 3815
3815 3251
3816 3816
3818 3785
3818 3431
3818 3473
3818 3671
3819 3769
3819 3421
3821 3589
3822 3155
3822 3270
3822 3264
3823 3477
3823 3466
3823 3406
3824 3253
3825 3769
3826 3469
3826 3797
3826 3391
3826 3296
3827 4049
3827 3907
3827 4512
3828 4024
3829 4086
3830 1349
3831 3889
3831 4584
3831 4604
3832 4060
3833 4349
3836 3836
3838 3932
3840 3899
3842 2776
3842 1003
3842 4325
3842 1223
3843 4584
3843 4006
3843 4035
3843 4317
3843 4078
3843 3893
3844 4241
3844 4537
3845 3977
3845 4245
3846 4512
3847 4603
3847 4124
3847 4448
3848 4067
3850 4420
3850 4144
3851 4420
3853 4215
3854 3904
3855 3855
3856 4409
3858 4349
3858 3998
3858 3958
3858 4267
3858 4473
3859 4544
3860 4114
3861 4481
3862 3972
3863 4512
3864 4115
3864 3864
3865 3977
3866 4216
3866 4261
3866 3890
3868 4040
3868 4283
3871 4494
3872 4420
3873 3873
3874 4472
3875 4042
3875 4281
3876 4036
3877 4173
3878 3878
3880 3943
3881 4459
3882 4394
3882 4210
3883 4477
3884 4514
3886 3935
3887 4024
3888 4069
3888 4069
3888 4349
3888 4267
3889 4078
3892 4248
3893 4006
3893 4246
3893 4043
3893 4078
3894 4394
3894 4210
3894 4386
3896 4455
3897 4144
3897 4512
3898 4091
3898 3995
3899 3852
3900 4114
3901 4417
3902 4081
3903 4114
3903 4420
3905 4420
3906 3977
3908 4512
3908 2541
3908 987
3909 4476
3909 3944
3910 4183
3911 4420
3912 4009
3914 3914
3915 4603
3916 4536
3917 4131
3918 4144
3918 4512
3918 4328
3919 4248
3919 4548
3919 4123
3920 4420
3920 4377
3920 4295
3921 4081
3922 4081
3924 4078
3925 4353
3927 3926
3928 4202
3929 4428
3930 4289
3931 4044
3931 4014
3933 4346
3933 3893
3933 4604
3933 4078
3934 4031
3935 4479
3936 3852
3937 4592
3941 4195
3942 4278
3945 4163
3947 3870
3948 4241
3948 3899
3949 3920
3950 4060
3951 4271
3952 4091
3952 3995
3953 4483
3954 3855
3955 4500
3956 3956
3959 4540
3960 4589
3961 4512
3962 4146
3962 4060
3963 4417
3965 3913
3966 3834
3967 3917
3968 3972
3973 4399
3975 4420
3975 4537
3975 4521
3975 3863
3976 4291
3978 4114
3978 4420
3979 1459
3979 4271
3980 4178
3981 3981
3982 3839
3984 4254
3986 4415
3987 4512
3989 4091
3989 3952
3992 3958
3994 4173
3995 4091
3995 3952
3996 4411
3998 3958
3999 3999
4000 3985
4001 4039
4002 4508
4004 4250
4005 4603
4005 4377
4005 4529
4006 4078
4007 3938
4008 4518
4009 3977
4010 4271
4011 3977
4013 4069
4014 4585
4014 4044
4014 4019
4015 4185
4016 4592
4017 4482
4018 4403
4019 4019
4019 4585
4019 4156
4021 4415
4022 3907
4023 4420
4025 3935
4025 4467
4026 4114
4026 4026
4026 3978
4027 4313
4027 2568
4028 4069
4028 4042
4029 4060
4030 4420
4032 4032
4033 3907
4034 4482
4035 4078
4035 4604
4036 4036
4037 4411
4038 3977
4041 4356
4042 4349
4045 3935
4047 4455
4048 3852
4050 4292
4050 17
4051 4278
4052 4482
4053 4585
4053 4044
4053 4014
4053 3931
4053 4156
4054 4455
4056 4245
4057 4394
4058 4416
4058 4180
4059 4078
4061 4089
4063 4349
4064 3904
4065 4071
4066 4528
4068 4213
4069 4069
4070 4512
4073 4423
4074 3969
4075 4212
4076 2049
4077 3983
4078 4317
4079 1326
4079 4524
4080 4420
4082 4597
4083 4115
4083 4083
4084 4174
4085 4420
4086 3829
4087 4482
4090 4143
4091 4595
4092 4250
4093 4093
4094 4394
4094 4226
4095 4046
4096 4096
4098 4033
4100 4271
4101 4185
4102 4163
4103 4523
4104 4213
4105 3997
4106 4319
4106 4193
4107 4357
4109 3870
4110 4122
4110 4321
4111 4266
4112 2049
4112 4081
4113 3867
4113 4039
4113 2135
4116 4141
4117 4162
4118 4353
4118 4295
4119 4244
4120 3977
4122 4321
4123 4548
4124 1229
4124 4512
4125 4394
4126 4358
4127 3834
4128 4349
4128 4226
4129 4217
4130 4325
4131 4349
4132 4420
4133 4380
4133 4210
4134 3907
4134 4420
4134 4170
4135 4546
4135 4221
4137 4512
4138 3972
4139 4349
4140 4144
4140 4512
4140 4328
4142 4017
4142 4482
4142 2179
4145 4377
4147 4147
4147 4226
4148 4482
4149 4216
4149 4261
4149 3890
4150 4516
4151 3940
4152 4377
4152 4320
4153 4179
4155 3856
4157 4420
4157 1201
4157 4357
4157 3993
4158 4349
4158 4226
4159 3907
4160 4420
4161 3946
4161 4503
4163 4245
4164 4420
4164 4421
4164 3863
4165 4032
4166 4163
4167 3857
4168 4420
4169 3991
4171 4171
4172 4604
4172 4078
4173 4356
4175 4423
4176 3891
4177 4347
4177 4277
4177 4573
4180 4455
4181 4464
4181 4181
4182 4069
4182 4420
4182 4042
4182 4267
4182 4144
4184 2557
4184 3977
4186 4069
4188 4044
4189 3977
4190 4420
4190 4512
4191 4216
4192 4458
4194 2642
4196 4196
4197 4394
4197 4420
4197 3917
4198 4012
4199 4283
4200 4448
4203 3920
4204 4434
4204 4081
4205 4254
4206 4131
4208 4031
4209 4557
4209 4283
4211 3849
4212 4212
4214 3988
4216 4482
4217 4349
4218 4296
4219 3852
4220 3958
4222 4465
4224 4579
4224 4224
4225 4420
4225 3872
4225 3971
4226 4226
4227 4259
4229 4239
4230 4042
4230 4281
4231 3852
4232 3899
4233 4440
4234 4086
4236 4236
4237 4319
4238 4115
4240 4596
4241 4295
4241 4512
4241 3899
4241 4357
4241 3852
4242 4460
4244 4283
4246 4317
4247 4585
4249 3943
4251 4271
4252 3935
4252 4479
4253 4003
4254 4254
4255 4435
4257 4273
4258 4258
4260 4141
4260 4163
4260 3977
4261 4216
4262 987
4262 3908
4263 4394
4263 4420
4263 3917
4264 4069
4264 4349
4264 4131
4265 4067
4265 3848
4267 4349
4267 3939
4268 4410
4269 4267
4270 4144
4273 3880
4274 3964
4275 4445
4276 3880
4279 4033
4279 3917
4280 4490
4281 4069
4282 4178
4284 4086
4286 3899
4287 4346
4288 4349
4288 4042
4288 3917
4290 4187
4293 4420
4294 4228
4297 4072
4298 4122
4298 4321
4299 4178
4300 4250
4301 4277
4302 4394
4303 4604
4303 3838
4303 4345
4303 3932
4304 4248
4305 4420
4306 3972
4307 3841
4307 4417
4308 4349
4309 3889
4309 4006
4309 4246
4310 4271
4310 4020
4311 3885
4314 4067
4315 3974
4316 4069
4316 4349
4318 3940
4320 4603
4320 4124
4322 4003
4323 4540
4324 4324
4326 4244
4326 4283
4327 3869
4329 4226
4330 4557
4330 4277
4331 4331
4332 3907
4333 3990
4334 4141
4335 4060
4336 4154
4337 4523
4338 4434
4338 4081
4339 3848
4340 3863
4341 4603
4341 4377
4341 4529
4342 3830
4343 4482
4345 3932
4345 3838
4346 4317
4348 4347
4350 3829
4351 4394
4351 3958
4351 4267
4351 3952
4352 4267
4354 2642
4354 1223
4354 1003
4354 989
4354 2776
4355 4114
4355 4429
4359 4091
4360 4121
4361 4377
4361 4320
4361 4241
4362 4143
4363 4537
4364 4394
4364 4420
4364 3917
4365 4435
4366 4439
4367 4512
4369 4404
4370 3907
4370 4420
4370 4512
4371 4185
4372 4372
4372 28
4373 3856
4374 4349
4374 4129
4375 3899
4376 3907
4376 4512
4378 3899
4379 4103
4379 4343
4379 4523
4380 4394
4380 4210
4381 3852
4382 4122
4382 4321
4383 3837
4385 4518
4387 4136
4388 4139
4389 4603
4389 4420
4389 4377
4389 4512
4389 4452
4389 4241
4389 1256
4389 1257
4389 3863
4390 4081
4391 4590
4392 3879
4394 4349
4394 4226
4396 3852
4397 4512
4398 4018
4400 3834
4401 4394
4402 4344
4403 4349
4405 4099
4406 4349
4407 4349
4408 4081
4411 4411
4412 4412
4413 4413
4419 4472
4420 4144
4420 4512
4420 4328
4421 4114
4421 3999
4421 3999
4422 4081
4424 4072
4425 3957
4426 4285
4426 3938
4427 3972
4429 4114
4431 4415
4432 4404
4433 4384
4436 4091
4437 4404
4438 4410
4439 3985
4441 4395
4442 4081
4443 3943
4446 4484
4447 4550
4448 4603
4448 3920
4448 4377
4449 4108
4449 4570
4450 4368
4451 4089
4452 4603
4452 3920
4452 4420
4452 4377
4453 4420
4453 4030
4454 3977
4456 4317
4457 4349
4457 4281
4460 4235
4460 4201
4461 4556
4462 4122
4462 4321
4463 4055
4466 4441
4468 4097
4469 4531
4470 4031
4471 4471
4473 4069
4473 4069
4473 4349
4473 4267
4474 4590
4475 4049
4478 4420
4480 4046
4483 4081
4485 3932
4485 3838
4486 4394
4487 4349
4487 3939
4488 4202
4489 4187
4491 4516
4492 4420
4493 4531
4495 4049
4495 4512
4495 3970
4496 3977
4497 4295
4498 4600
4498 4418
4499 4409
4500 4500
4501 4444
4502 4420
4503 3946
4504 4512
4505 3935
4505 4479
4506 3958
4507 3907
4509 4312
4510 4481
4511 4414
4512 4049
4512 3907
4512 4512
4513 3977
4515 4039
4516 4131
4516 3917
4517 4256
4519 3858
4520 4349
4521 3863
4522 4459
4525 4603
4525 4377
4525 4452
4526 4295
4526 4512
4526 3899
4526 4357
4526 3852
4527 3926
4529 4603
4530 4417
4532 4538
4533 4042
4533 4281
4534 3895
4535 4183
4536 4536
4539 3990
4541 4278
4542 4342
4543 4590
4544 483
4545 4418
4545 4272
4547 4194
4548 4248
4549 3935
4549 4467
4551 4477
4552 3863
4553 4009
4554 4349
4554 4129
4554 4554
4555 4187
4555 4555
4557 4244
4557 4283
4558 4465
4559 3899
4560 4603
4560 4124
4561 4295
4562 3974
4562 4088
4562 4477
4563 3943
4564 4490
4565 3835
4566 4223
4567 4328
4568 4349
4568 4281
4569 4420
4571 3852
4572 4603
4572 4377
4574 4356
4575 4207
4576 4576
4577 3976
4578 4430
4580 4256
4581 4394
4581 3958
4581 4267
4581 3952
4582 4018
4583 4243
4584 4006
4584 3893
4584 4078
4585 4156
4586 4557
4587 4394
4588 4319
4589 4039
4591 4483
4591 4091
4593 4411
4594 4409
4598 3935
4598 4467
4599 4256
4601 4089
4602 4317
4603 4353
4603 4295
4605 4393
4606 4062
4607 4448
4608 4207
4609 4609