0 0
1 0
2 0
3 0
4 0
5 0
6 0
7 0
8 0
9 0
10 0
11 0
12 0
13 0
14 0
15 0
16 0
17 0
18 0
19 0
20 0
21 0
22 0
23 0
24 0
25 0
26 0
27 1
28 1
29 1
30 2
31 2
32 2
33 2
34 2
35 2
36 2
37 2
38 2
39 2
40 2
41 2
42 2
43 2
44 2
45 2
46 2
47 2
48 2
49 2
50 2
51 2
52 2
53 2
54 2
55 2
56 2
57 2
58 2
59 2
60 2
61 2
62 2
63 2
64 2
65 2
66 2
67 2
68 2
69 2
70 2
71 2
72 2
73 2
74 2
75 2
76 2
77 2
78 2
79 2
80 2
81 2
82 2
83 2
84 2
85 2
86 2
87 2
88 2
89 2
90 2
91 2
92 2
93 2
94 2
95 2
96 2
97 2
98 2
99 2
100 2
101 2
102 2
103 2
104 2
105 2
106 2
107 2
108 2
109 2
110 2
111 2
112 2
113 2
114 2
115 2
116 2
117 2
118 2
119 2
120 2
121 2
122 2
123 2
124 2
125 2
126 2
127 2
128 2
129 2
130 2
131 2
132 2
133 2
134 2
135 2
136 2
137 2
138 2
139 2
140 2
141 2
142 2
143 2
144 2
145 2
146 2
147 2
148 2
149 2
150 2
151 2
152 2
153 2
154 2
155 2
156 2
157 2
158 2
159 2
160 2
161 2
162 2
163 2
164 2
165 2
166 2
167 2
168 2
169 2
170 2
171 2
172 2
173 2
174 2
175 2
176 2
177 2
178 2
179 2
180 2
181 2
182 2
183 2
184 2
185 2
186 2
187 2
188 2
189 2
190 2
191 2
192 2
193 2
194 2
195 2
196 2
197 2
198 2
199 2
200 2
201 2
202 2
203 2
204 2
205 2
206 2
207 2
208 2
209 2
210 2
211 2
212 2
213 2
214 2
215 2
216 2
217 2
218 2
219 2
220 2
221 2
222 2
223 2
224 2
225 2
226 2
227 2
228 2
229 2
230 2
231 2
232 2
233 2
234 2
235 2
236 2
237 2
238 2
239 2
240 2
241 2
242 2
243 2
244 2
245 2
246 2
247 2
248 2
249 2
250 2
251 2
252 2
253 2
254 2
255 2
256 2
257 2
258 2
259 2
260 2
261 2
262 2
263 2
264 2
265 2
266 2
267 2
268 2
269 2
270 2
271 2
272 2
273 2
274 2
275 2
276 2
277 2
278 2
279 2
280 2
281 2
282 2
283 2
284 2
285 2
286 2
287 2
288 2
289 2
290 2
291 2
292 2
293 2
294 2
295 2
296 2
297 2
298 2
299 2
300 2
301 2
302 2
303 2
304 2
305 2
306 2
307 2
308 2
309 2
310 2
311 2
312 2
313 2
314 2
315 2
316 2
317 2
318 2
319 2
320 2
321 2
322 2
323 2
324 2
325 2
326 2
327 2
328 2
329 2
330 2
331 2
332 2
333 2
334 2
335 2
336 2
337 2
338 2
339 2
340 2
341 2
342 2
343 2
344 2
345 2
346 2
347 2
348 2
349 2
350 2
351 2
352 2
353 2
354 2
355 2
356 2
357 2
358 2
359 2
360 2
361 2
362 2
363 2
364 2
365 2
366 2
367 2
368 2
369 2
370 2
371 2
372 2
373 2
374 2
375 2
376 2
377 2
378 2
379 2
380 2
381 2
382 2
383 2
384 2
385 2
386 2
387 2
388 2
389 2
390 2
391 2
392 2
393 2
394 2
395 2
396 2
397 2
398 2
399 2
400 2
401 2
402 2
403 2
404 2
405 2
406 2
407 2
408 2
409 2
410 2
411 2
412 2
413 2
414 2
415 2
416 2
417 2
418 2
419 2
420 2
421 2
422 2
423 2
424 2
425 2
426 2
427 2
428 2
429 2
430 2
431 2
432 2
433 2
434 2
435 2
436 2
437 2
438 2
439 2
440 2
441 2
442 2
443 2
444 2
445 2
446 2
447 2
448 2
449 2
450 2
451 2
452 2
453 2
454 2
455 2
456 2
457 2
458 2
459 2
460 2
461 2
462 2
463 2
464 2
465 2
466 2
467 2
468 2
469 2
470 2
471 2
472 2
473 2
474 2
475 2
476 2
477 2
478 2
479 2
480 2
481 2
482 2
483 2
484 2
485 2
486 2
487 2
488 2
489 2
490 2
491 2
492 2
493 2
494 2
495 2
496 2
497 2
498 2
499 2
500 2
501 2
502 2
503 2
504 2
505 2
506 2
507 2
508 2
509 2
510 2
511 2
512 2
513 2
514 2
515 2
516 2
517 2
518 2
519 2
520 2
521 2
522 2
523 2
524 2
525 2
526 2
527 2
528 2
529 2
530 2
531 2
532 2
533 2
534 2
535 2
536 2
537 2
538 2
539 2
540 2
541 2
542 2
543 2
544 2
545 2
546 2
547 2
548 2
549 2
550 2
551 2
552 2
553 2
554 2
555 2
556 2
557 2
558 2
559 2
560 2
561 2
562 2
563 2
564 2
565 2
566 2
567 2
568 2
569 2
570 2
571 2
572 2
573 2
574 2
575 2
576 2
577 2
578 2
579 2
580 2
581 2
582 2
583 2
584 2
585 2
586 2
587 2
588 2
589 2
590 2
591 2
592 2
593 2
594 2
595 2
596 2
597 2
598 2
599 2
600 2
601 2
602 2
603 2
604 2
605 2
606 2
607 2
608 2
609 2
610 2
611 2
612 2
613 2
614 2
615 2
616 2
617 2
618 2
619 2
620 2
621 2
622 2
623 2
624 2
625 2
626 2
627 2
628 2
629 2
630 2
631 2
632 2
633 2
634 2
635 2
636 2
637 2
638 2
639 2
640 2
641 2
642 2
643 2
644 2
645 2
646 2
647 2
648 2
649 2
650 2
651 2
652 2
653 2
654 2
655 2
656 2
657 2
658 2
659 2
660 2
661 2
662 2
663 2
664 2
665 2
666 2
667 2
668 2
669 2
670 2
671 2
672 2
673 2
674 2
675 2
676 2
677 2
678 2
679 2
680 2
681 2
682 2
683 2
684 2
685 2
686 2
687 2
688 2
689 2
690 2
691 2
692 2
693 2
694 2
695 2
696 2
697 2
698 2
699 2
700 2
701 2
702 2
703 2
704 2
705 2
706 2
707 2
708 2
709 2
710 2
711 2
712 2
713 2
714 2
715 2
716 2
717 2
718 2
719 2
720 2
721 2
722 2
723 2
724 2
725 2
726 2
727 2
728 2
729 2
730 2
731 2
732 2
733 2
734 2
735 2
736 2
737 2
738 2
739 2
740 2
741 2
742 2
743 2
744 2
745 2
746 2
747 2
748 2
749 2
750 2
751 2
752 2
753 2
754 2
755 2
756 2
757 2
758 2
759 2
760 2
761 2
762 2
763 2
764 2
765 2
766 2
767 2
768 2
769 2
770 2
771 2
772 2
773 2
774 2
775 2
776 2
777 2
778 2
779 2
780 2
781 2
782 2
783 2
784 2
785 2
786 2
787 2
788 2
789 2
790 2
791 2
792 2
793 2
794 2
795 2
796 2
797 2
798 2
799 2
800 2
801 2
802 2
803 2
804 2
805 2
806 2
807 2
808 2
809 2
810 2
811 2
812 2
813 2
814 2
815 2
816 2
817 2
818 2
819 2
820 2
821 2
822 2
823 2
824 2
825 2
826 2
827 2
828 2
829 2
830 2
831 2
832 2
833 2
834 2
835 2
836 2
837 2
838 2
839 2
840 2
841 2
842 2
843 2
844 2
845 2
846 2
847 2
848 2
849 2
850 2
851 2
852 2
853 2
854 2
855 3
856 3
857 3
858 3
859 3
860 3
861 3
862 3
863 3
864 3
865 3
866 3
867 3
868 3
869 3
870 3
871 3
872 3
873 3
874 3
875 3
876 3
877 3
878 3
879 3
880 3
881 3
882 3
883 3
884 3
885 3
886 3
887 3
888 3
889 3
890 3
891 3
892 3
893 3
894 3
895 3
896 3
897 3
898 3
899 3
900 3
901 3
902 3
903 3
904 3
905 3
906 3
907 3
908 3
909 3
910 3
911 3
912 3
913 3
914 3
915 3
916 3
917 3
918 3
919 3
920 3
921 3
922 3
923 3
924 3
925 3
926 3
927 3
928 3
929 3
930 3
931 3
932 3
933 3
934 3
935 3
936 3
937 3
938 3
939 3
940 3
941 3
942 3
943 3
944 3
945 3
946 3
947 3
948 3
949 3
950 3
951 3
952 3
953 3
954 3
955 3
956 3
957 3
958 3
959 3
960 3
961 3
962 3
963 3
964 3
965 3
966 3
967 3
968 3
969 3
970 3
971 3
972 3
973 3
974 3
975 3
976 3
977 3
978 3
979 3
980 3
981 3
982 3
983 3
984 3
985 3
986 3
987 3
988 3
989 3
990 3
991 3
992 3
993 3
994 3
995 3
996 3
997 3
998 3
999 3
1000 3
1001 3
1002 3
1003 3
1004 3
1005 3
1006 3
1007 3
1008 3
1009 3
1010 3
1011 3
1012 3
1013 3
1014 3
1015 3
1016 3
1017 3
1018 3
1019 3
1020 3
1021 3
1022 3
1023 3
1024 3
1025 3
1026 3
1027 3
1028 3
1029 3
1030 3
1031 3
1032 3
1033 3
1034 3
1035 3
1036 3
1037 3
1038 3
1039 3
1040 3
1041 3
1042 3
1043 3
1044 3
1045 3
1046 3
1047 3
1048 3
1049 3
1050 3
1051 3
1052 3
1053 3
1054 3
1055 3
1056 3
1057 3
1058 3
1059 3
1060 3
1061 3
1062 3
1063 3
1064 3
1065 3
1066 3
1067 3
1068 3
1069 3
1070 3
1071 3
1072 3
1073 3
1074 3
1075 3
1076 3
1077 3
1078 3
1079 3
1080 3
1081 3
1082 3
1083 3
1084 3
1085 3
1086 3
1087 3
1088 3
1089 3
1090 3
1091 3
1092 3
1093 3
1094 3
1095 3
1096 3
1097 3
1098 3
1099 3
1100 3
1101 3
1102 3
1103 3
1104 3
1105 3
1106 3
1107 3
1108 3
1109 3
1110 3
1111 3
1112 3
1113 3
1114 3
1115 3
1116 3
1117 3
1118 3
1119 3
1120 3
1121 3
1122 3
1123 3
1124 3
1125 3
1126 3
1127 3
1128 3
1129 3
1130 3
1131 3
1132 3
1133 3
1134 3
1135 3
1136 3
1137 3
1138 3
1139 3
1140 3
1141 3
1142 3
1143 3
1144 3
1145 3
1146 3
1147 3
1148 3
1149 3
1150 3
1151 3
1152 3
1153 3
1154 3
1155 3
1156 3
1157 3
1158 3
1159 3
1160 3
1161 3
1162 3
1163 3
1164 3
1165 3
1166 3
1167 3
1168 3
1169 3
1170 3
1171 3
1172 3
1173 3
1174 3
1175 3
1176 3
1177 3
1178 3
1179 3
1180 3
1181 3
1182 3
1183 3
1184 3
1185 3
1186 3
1187 3
1188 3
1189 3
1190 3
1191 3
1192 3
1193 3
1194 3
1195 3
1196 3
1197 3
1198 3
1199 3
1200 3
1201 3
1202 3
1203 3
1204 3
1205 3
1206 3
1207 3
1208 3
1209 3
1210 3
1211 3
1212 3
1213 3
1214 3
1215 3
1216 3
1217 3
1218 3
1219 3
1220 3
1221 3
1222 3
1223 3
1224 3
1225 3
1226 3
1227 3
1228 3
1229 3
1230 3
1231 3
1232 3
1233 3
1234 3
1235 3
1236 3
1237 3
1238 3
1239 3
1240 3
1241 3
1242 3
1243 3
1244 3
1245 3
1246 3
1247 3
1248 3
1249 3
1250 3
1251 3
1252 3
1253 3
1254 3
1255 3
1256 3
1257 3
1258 3
1259 3
1260 3
1261 3
1262 3
1263 3
1264 3
1265 3
1266 3
1267 3
1268 3
1269 3
1270 3
1271 3
1272 3
1273 3
1274 3
1275 3
1276 3
1277 3
1278 3
1279 3
1280 3
1281 3
1282 3
1283 3
1284 3
1285 3
1286 3
1287 3
1288 3
1289 3
1290 3
1291 3
1292 3
1293 3
1294 3
1295 3
1296 3
1297 3
1298 3
1299 3
1300 3
1301 3
1302 3
1303 3
1304 3
1305 3
1306 3
1307 3
1308 3
1309 3
1310 3
1311 3
1312 3
1313 3
1314 3
1315 3
1316 3
1317 3
1318 3
1319 3
1320 3
1321 3
1322 3
1323 3
1324 3
1325 3
1326 3
1327 3
1328 3
1329 3
1330 3
1331 3
1332 3
1333 3
1334 3
1335 3
1336 3
1337 3
1338 3
1339 3
1340 3
1341 3
1342 3
1343 3
1344 3
1345 3
1346 3
1347 3
1348 3
1349 3
1350 3
1351 3
1352 3
1353 3
1354 3
1355 3
1356 3
1357 3
1358 3
1359 3
1360 3
1361 3
1362 3
1363 3
1364 3
1365 3
1366 3
1367 3
1368 3
1369 3
1370 3
1371 3
1372 3
1373 3
1374 3
1375 3
1376 3
1377 3
1378 3
1379 3
1380 3
1381 3
1382 3
1383 3
1384 3
1385 3
1386 3
1387 3
1388 3
1389 3
1390 3
1391 3
1392 3
1393 3
1394 3
1395 3
1396 3
1397 3
1398 3
1399 3
1400 3
1401 3
1402 3
1403 3
1404 3
1405 3
1406 3
1407 3
1408 3
1409 3
1410 3
1411 3
1412 3
1413 3
1414 3
1415 3
1416 3
1417 3
1418 3
1419 3
1420 3
1421 3
1422 3
1423 3
1424 3
1425 3
1426 3
1427 3
1428 3
1429 3
1430 3
1431 3
1432 3
1433 3
1434 3
1435 3
1436 3
1437 3
1438 3
1439 3
1440 3
1441 3
1442 3
1443 3
1444 3
1445 3
1446 3
1447 3
1448 3
1449 3
1450 3
1451 3
1452 3
1453 3
1454 3
1455 3
1456 3
1457 3
1458 3
1459 3
1460 3
1461 3
1462 3
1463 3
1464 3
1465 3
1466 3
1467 3
1468 3
1469 3
1470 3
1471 3
1472 3
1473 3
1474 3
1475 3
1476 3
1477 3
1478 3
1479 3
1480 3
1481 3
1482 3
1483 3
1484 3
1485 3
1486 3
1487 3
1488 3
1489 3
1490 3
1491 3
1492 3
1493 3
1494 3
1495 3
1496 3
1497 3
1498 3
1499 3
1500 3
1501 3
1502 3
1503 3
1504 3
1505 3
1506 3
1507 3
1508 3
1509 3
1510 3
1511 3
1512 3
1513 3
1514 3
1515 3
1516 3
1517 3
1518 3
1519 3
1520 3
1521 3
1522 3
1523 3
1524 3
1525 3
1526 3
1527 3
1528 3
1529 3
1530 3
1531 3
1532 3
1533 3
1534 3
1535 3
1536 3
1537 3
1538 3
1539 3
1540 3
1541 3
1542 3
1543 3
1544 3
1545 3
1546 3
1547 3
1548 3
1549 3
1550 3
1551 3
1552 3
1553 3
1554 3
1555 3
1556 3
1557 3
1558 3
1559 3
1560 3
1561 3
1562 3
1563 3
1564 3
1565 3
1566 3
1567 3
1568 3
1569 3
1570 3
1571 3
1572 3
1573 3
1574 3
1575 3
1576 3
1577 3
1578 3
1579 3
1580 3
1581 3
1582 3
1583 3
1584 3
1585 3
1586 3
1587 3
1588 3
1589 3
1590 3
1591 3
1592 3
1593 3
1594 3
1595 3
1596 3
1597 3
1598 3
1599 3
1600 3
1601 3
1602 3
1603 3
1604 3
1605 3
1606 3
1607 3
1608 3
1609 3
1610 3
1611 3
1612 3
1613 3
1614 3
1615 3
1616 3
1617 3
1618 3
1619 3
1620 3
1621 3
1622 3
1623 3
1624 3
1625 3
1626 3
1627 3
1628 3
1629 3
1630 3
1631 3
1632 3
1633 3
1634 3
1635 3
1636 3
1637 3
1638 3
1639 3
1640 3
1641 3
1642 3
1643 3
1644 3
1645 3
1646 3
1647 3
1648 3
1649 3
1650 3
1651 3
1652 3
1653 3
1654 3
1655 3
1656 3
1657 3
1658 3
1659 3
1660 3
1661 3
1662 3
1663 3
1664 3
1665 3
1666 3
1667 3
1668 3
1669 3
1670 3
1671 3
1672 3
1673 3
1674 3
1675 3
1676 3
1677 3
1678 3
1679 3
1680 3
1681 3
1682 3
1683 3
1684 3
1685 3
1686 3
1687 3
1688 3
1689 3
1690 3
1691 3
1692 3
1693 3
1694 3
1695 3
1696 3
1697 3
1698 3
1699 3
1700 3
1701 3
1702 3
1703 3
1704 3
1705 3
1706 3
1707 4
1708 4
1709 4
1710 4
1711 4
1712 4
1713 4
1714 4
1715 4
1716 4
1717 4
1718 4
1719 4
1720 4
1721 4
1722 4
1723 4
1724 4
1725 4
1726 4
1727 4
1728 4
1729 4
1730 4
1731 4
1732 4
1733 4
1734 4
1735 4
1736 4
1737 4
1738 4
1739 4
1740 4
1741 4
1742 4
1743 4
1744 4
1745 4
1746 4
1747 4
1748 4
1749 4
1750 4
1751 4
1752 4
1753 4
1754 4
1755 4
1756 4
1757 4
1758 4
1759 4
1760 4
1761 4
1762 4
1763 4
1764 4
1765 4
1766 4
1767 4
1768 4
1769 4
1770 4
1771 4
1772 4
1773 4
1774 4
1775 4
1776 4
1777 4
1778 4
1779 4
1780 4
1781 4
1782 4
1783 4
1784 4
1785 4
1786 4
1787 4
1788 4
1789 4
1790 4
1791 4
1792 4
1793 4
1794 4
1795 4
1796 4
1797 4
1798 4
1799 4
1800 4
1801 4
1802 4
1803 4
1804 4
1805 4
1806 4
1807 4
1808 4
1809 4
1810 4
1811 4
1812 4
1813 4
1814 4
1815 4
1816 4
1817 4
1818 4
1819 4
1820 4
1821 4
1822 4
1823 4
1824 4
1825 4
1826 4
1827 4
1828 4
1829 4
1830 4
1831 4
1832 4
1833 4
1834 4
1835 4
1836 4
1837 4
1838 4
1839 4
1840 4
1841 4
1842 4
1843 4
1844 4
1845 4
1846 4
1847 4
1848 4
1849 4
1850 4
1851 4
1852 4
1853 4
1854 4
1855 4
1856 4
1857 4
1858 4
1859 4
1860 4
1861 4
1862 4
1863 4
1864 4
1865 4
1866 4
1867 4
1868 4
1869 4
1870 4
1871 4
1872 4
1873 4
1874 4
1875 4
1876 4
1877 4
1878 4
1879 4
1880 4
1881 4
1882 4
1883 4
1884 4
1885 4
1886 4
1887 4
1888 4
1889 4
1890 4
1891 4
1892 4
1893 4
1894 4
1895 4
1896 4
1897 4
1898 4
1899 4
1900 4
1901 4
1902 4
1903 4
1904 4
1905 4
1906 4
1907 4
1908 4
1909 4
1910 4
1911 4
1912 4
1913 4
1914 4
1915 4
1916 4
1917 4
1918 4
1919 4
1920 4
1921 4
1922 4
1923 4
1924 4
1925 4
1926 4
1927 4
1928 4
1929 4
1930 4
1931 4
1932 4
1933 4
1934 4
1935 4
1936 4
1937 4
1938 4
1939 4
1940 4
1941 4
1942 4
1943 4
1944 4
1945 4
1946 4
1947 4
1948 4
1949 4
1950 4
1951 4
1952 4
1953 4
1954 4
1955 4
1956 4
1957 4
1958 4
1959 4
1960 4
1961 4
1962 4
1963 4
1964 4
1965 4
1966 4
1967 4
1968 4
1969 4
1970 4
1971 4
1972 4
1973 4
1974 4
1975 4
1976 4
1977 4
1978 4
1979 4
1980 4
1981 4
1982 4
1983 4
1984 4
1985 4
1986 4
1987 4
1988 4
1989 4
1990 4
1991 4
1992 4
1993 4
1994 4
1995 4
1996 4
1997 4
1998 4
1999 4
2000 4
2001 4
2002 4
2003 4
2004 4
2005 4
2006 4
2007 4
2008 4
2009 4
2010 4
2011 4
2012 4
2013 4
2014 4
2015 4
2016 4
2017 4
2018 4
2019 4
2020 4
2021 4
2022 4
2023 4
2024 4
2025 4
2026 4
2027 4
2028 4
2029 4
2030 4
2031 4
2032 4
2033 4
2034 4
2035 4
2036 4
2037 4
2038 4
2039 4
2040 4
2041 4
2042 4
2043 4
2044 4
2045 4
2046 4
2047 4
2048 4
2049 4
2050 4
2051 4
2052 4
2053 4
2054 4
2055 4
2056 4
2057 4
2058 4
2059 4
2060 4
2061 4
2062 4
2063 4
2064 4
2065 4
2066 4
2067 4
2068 4
2069 4
2070 4
2071 4
2072 4
2073 4
2074 4
2075 4
2076 4
2077 4
2078 4
2079 4
2080 4
2081 4
2082 4
2083 4
2084 4
2085 4
2086 4
2087 4
2088 4
2089 4
2090 4
2091 4
2092 4
2093 4
2094 4
2095 4
2096 4
2097 4
2098 4
2099 4
2100 4
2101 4
2102 4
2103 4
2104 4
2105 4
2106 4
2107 4
2108 4
2109 4
2110 4
2111 4
2112 4
2113 4
2114 4
2115 4
2116 4
2117 4
2118 4
2119 4
2120 4
2121 4
2122 4
2123 4
2124 4
2125 4
2126 4
2127 4
2128 4
2129 4
2130 4
2131 4
2132 4
2133 4
2134 4
2135 4
2136 4
2137 4
2138 4
2139 4
2140 4
2141 4
2142 4
2143 4
2144 4
2145 4
2146 4
2147 4
2148 4
2149 4
2150 4
2151 4
2152 4
2153 4
2154 4
2155 4
2156 4
2157 4
2158 4
2159 4
2160 4
2161 4
2162 4
2163 4
2164 4
2165 4
2166 4
2167 4
2168 4
2169 4
2170 4
2171 4
2172 4
2173 4
2174 4
2175 4
2176 4
2177 4
2178 4
2179 4
2180 4
2181 4
2182 4
2183 4
2184 4
2185 4
2186 4
2187 4
2188 4
2189 4
2190 4
2191 4
2192 4
2193 4
2194 4
2195 4
2196 4
2197 4
2198 4
2199 4
2200 4
2201 4
2202 4
2203 4
2204 4
2205 4
2206 4
2207 4
2208 4
2209 4
2210 4
2211 4
2212 4
2213 4
2214 4
2215 4
2216 4
2217 4
2218 4
2219 4
2220 4
2221 4
2222 4
2223 4
2224 4
2225 4
2226 4
2227 4
2228 4
2229 4
2230 4
2231 4
2232 4
2233 4
2234 4
2235 4
2236 4
2237 4
2238 4
2239 4
2240 4
2241 4
2242 4
2243 4
2244 4
2245 4
2246 4
2247 4
2248 4
2249 4
2250 4
2251 4
2252 4
2253 4
2254 4
2255 4
2256 4
2257 4
2258 4
2259 4
2260 4
2261 4
2262 4
2263 4
2264 4
2265 4
2266 4
2267 4
2268 4
2269 4
2270 4
2271 4
2272 4
2273 4
2274 4
2275 4
2276 4
2277 4
2278 4
2279 4
2280 4
2281 4
2282 4
2283 4
2284 4
2285 4
2286 4
2287 4
2288 4
2289 4
2290 4
2291 4
2292 4
2293 4
2294 4
2295 4
2296 4
2297 4
2298 4
2299 4
2300 4
2301 4
2302 4
2303 4
2304 4
2305 4
2306 4
2307 5
2308 5
2309 5
2310 5
2311 5
2312 5
2313 5
2314 5
2315 5
2316 5
2317 5
2318 5
2319 5
2320 5
2321 5
2322 5
2323 5
2324 5
2325 5
2326 5
2327 5
2328 5
2329 5
2330 5
2331 5
2332 5
2333 5
2334 5
2335 5
2336 5
2337 5
2338 5
2339 5
2340 5
2341 5
2342 5
2343 5
2344 5
2345 5
2346 5
2347 5
2348 5
2349 5
2350 5
2351 5
2352 5
2353 5
2354 5
2355 5
2356 5
2357 5
2358 5
2359 5
2360 5
2361 5
2362 5
2363 5
2364 5
2365 5
2366 5
2367 5
2368 5
2369 5
2370 5
2371 5
2372 5
2373 5
2374 5
2375 5
2376 5
2377 5
2378 5
2379 5
2380 5
2381 5
2382 5
2383 5
2384 5
2385 5
2386 5
2387 5
2388 5
2389 5
2390 5
2391 5
2392 5
2393 5
2394 5
2395 5
2396 5
2397 5
2398 5
2399 5
2400 5
2401 5
2402 5
2403 5
2404 5
2405 5
2406 5
2407 5
2408 5
2409 5
2410 5
2411 5
2412 5
2413 5
2414 5
2415 5
2416 5
2417 5
2418 5
2419 5
2420 5
2421 5
2422 5
2423 5
2424 5
2425 5
2426 5
2427 5
2428 5
2429 5
2430 5
2431 5
2432 5
2433 5
2434 5
2435 5
2436 5
2437 5
2438 5
2439 5
2440 5
2441 5
2442 5
2443 5
2444 5
2445 5
2446 5
2447 5
2448 5
2449 5
2450 5
2451 5
2452 5
2453 5
2454 5
2455 5
2456 5
2457 5
2458 5
2459 5
2460 5
2461 5
2462 5
2463 5
2464 5
2465 5
2466 5
2467 5
2468 5
2469 5
2470 5
2471 5
2472 5
2473 5
2474 5
2475 5
2476 5
2477 5
2478 5
2479 5
2480 5
2481 5
2482 5
2483 5
2484 5
2485 5
2486 5
2487 5
2488 5
2489 5
2490 5
2491 5
2492 5
2493 5
2494 5
2495 5
2496 5
2497 5
2498 5
2499 5
2500 5
2501 5
2502 5
2503 5
2504 5
2505 5
2506 5
2507 5
2508 5
2509 5
2510 5
2511 5
2512 5
2513 5
2514 5
2515 5
2516 5
2517 5
2518 5
2519 5
2520 5
2521 5
2522 5
2523 5
2524 5
2525 5
2526 5
2527 5
2528 5
2529 5
2530 5
2531 5
2532 5
2533 5
2534 5
2535 5
2536 5
2537 5
2538 5
2539 5
2540 5
2541 5
2542 5
2543 5
2544 5
2545 5
2546 5
2547 5
2548 5
2549 5
2550 5
2551 5
2552 5
2553 5
2554 5
2555 5
2556 5
2557 5
2558 5
2559 5
2560 5
2561 5
2562 5
2563 5
2564 5
2565 5
2566 5
2567 5
2568 5
2569 5
2570 5
2571 5
2572 5
2573 5
2574 5
2575 5
2576 5
2577 5
2578 5
2579 5
2580 5
2581 5
2582 5
2583 5
2584 5
2585 5
2586 5
2587 5
2588 5
2589 5
2590 5
2591 5
2592 5
2593 5
2594 5
2595 5
2596 5
2597 5
2598 5
2599 5
2600 5
2601 5
2602 5
2603 5
2604 5
2605 5
2606 5
2607 5
2608 5
2609 5
2610 5
2611 5
2612 5
2613 5
2614 5
2615 5
2616 5
2617 5
2618 5
2619 5
2620 5
2621 5
2622 5
2623 5
2624 5
2625 5
2626 5
2627 5
2628 5
2629 5
2630 5
2631 5
2632 5
2633 5
2634 5
2635 5
2636 5
2637 5
2638 5
2639 5
2640 5
2641 5
2642 5
2643 5
2644 5
2645 5
2646 5
2647 5
2648 5
2649 5
2650 5
2651 5
2652 5
2653 5
2654 5
2655 5
2656 5
2657 5
2658 5
2659 5
2660 5
2661 5
2662 5
2663 5
2664 5
2665 5
2666 5
2667 5
2668 5
2669 5
2670 5
2671 5
2672 5
2673 5
2674 5
2675 5
2676 5
2677 5
2678 5
2679 5
2680 5
2681 5
2682 5
2683 5
2684 5
2685 5
2686 5
2687 5
2688 5
2689 5
2690 5
2691 5
2692 5
2693 5
2694 5
2695 5
2696 5
2697 5
2698 5
2699 5
2700 5
2701 5
2702 5
2703 5
2704 5
2705 5
2706 5
2707 5
2708 5
2709 5
2710 5
2711 5
2712 5
2713 5
2714 5
2715 5
2716 5
2717 5
2718 5
2719 5
2720 5
2721 5
2722 5
2723 5
2724 5
2725 5
2726 5
2727 5
2728 5
2729 5
2730 5
2731 5
2732 5
2733 5
2734 5
2735 5
2736 5
2737 5
2738 5
2739 5
2740 5
2741 5
2742 5
2743 5
2744 5
2745 5
2746 5
2747 5
2748 5
2749 5
2750 5
2751 5
2752 5
2753 5
2754 5
2755 5
2756 5
2757 5
2758 5
2759 5
2760 5
2761 5
2762 5
2763 5
2764 5
2765 5
2766 5
2767 5
2768 5
2769 5
2770 5
2771 5
2772 5
2773 5
2774 5
2775 5
2776 5
2777 5
2778 5
2779 5
2780 5
2781 5
2782 5
2783 5
2784 5
2785 5
2786 5
2787 5
2788 5
2789 5
2790 5
2791 5
2792 5
2793 5
2794 5
2795 5
2796 5
2797 5
2798 5
2799 5
2800 5
2801 5
2802 5
2803 5
2804 5
2805 5
2806 5
2807 5
2808 5
2809 5
2810 5
2811 5
2812 5
2813 5
2814 5
2815 5
2816 5
2817 5
2818 5
2819 5
2820 5
2821 5
2822 5
2823 5
2824 5
2825 5
2826 5
2827 5
2828 5
2829 5
2830 5
2831 5
2832 5
2833 5
2834 5
2835 5
2836 5
2837 5
2838 5
2839 5
2840 5
2841 5
2842 5
2843 5
2844 5
2845 5
2846 5
2847 5
2848 5
2849 5
2850 5
2851 5
2852 5
2853 5
2854 5
2855 5
2856 5
2857 5
2858 5
2859 5
2860 5
2861 5
2862 5
2863 5
2864 5
2865 5
2866 5
2867 5
2868 5
2869 5
2870 5
2871 5
2872 5
2873 5
2874 5
2875 5
2876 5
2877 5
2878 5
2879 5
2880 5
2881 5
2882 5
2883 5
2884 5
2885 5
2886 5
2887 5
2888 5
2889 5
2890 5
2891 5
2892 5
2893 5
2894 5
2895 5
2896 5
2897 5
2898 5
2899 5
2900 5
2901 5
2902 5
2903 5
2904 5
2905 5
2906 5
2907 5
2908 5
2909 5
2910 5
2911 5
2912 5
2913 5
2914 5
2915 5
2916 5
2917 5
2918 5
2919 5
2920 5
2921 5
2922 5
2923 5
2924 5
2925 5
2926 5
2927 5
2928 5
2929 5
2930 5
2931 5
2932 5
2933 5
2934 5
2935 5
2936 5
2937 5
2938 5
2939 5
2940 5
2941 5
2942 5
2943 5
2944 5
2945 5
2946 5
2947 5
2948 5
2949 5
2950 5
2951 5
2952 5
2953 5
2954 5
2955 5
2956 5
2957 5
2958 5
2959 5
2960 5
2961 5
2962 5
2963 5
2964 5
2965 5
2966 5
2967 5
2968 5
2969 5
2970 5
2971 5
2972 5
2973 5
2974 5
2975 5
2976 5
2977 5
2978 5
2979 5
2980 5
2981 5
2982 5
2983 5
2984 5
2985 5
2986 5
2987 5
2988 5
2989 5
2990 5
2991 5
2992 5
2993 5
2994 5
2995 5
2996 5
2997 5
2998 5
2999 5
3000 5
3001 5
3002 5
3003 5
3004 5
3005 5
3006 5
3007 5
3008 5
3009 5
3010 5
3011 5
3012 5
3013 5
3014 5
3015 5
3016 5
3017 5
3018 5
3019 5
3020 5
3021 5
3022 5
3023 5
3024 5
3025 5
3026 5
3027 5
3028 5
3029 5
3030 5
3031 5
3032 5
3033 5
3034 5
3035 5
3036 5
3037 6
3038 6
3039 6
3040 6
3041 6
3042 6
3043 6
3044 6
3045 6
3046 6
3047 6
3048 6
3049 6
3050 6
3051 6
3052 6
3053 6
3054 6
3055 6
3056 6
3057 6
3058 6
3059 6
3060 6
3061 6
3062 6
3063 6
3064 6
3065 6
3066 6
3067 6
3068 6
3069 6
3070 6
3071 6
3072 6
3073 6
3074 6
3075 6
3076 6
3077 6
3078 6
3079 6
3080 6
3081 6
3082 6
3083 6
3084 6
3085 6
3086 6
3087 6
3088 6
3089 6
3090 6
3091 6
3092 6
3093 6
3094 6
3095 6
3096 6
3097 6
3098 6
3099 6
3100 7
3101 7
3102 7
3103 7
3104 7
3105 7
3106 7
3107 7
3108 7
3109 7
3110 7
3111 7
3112 7
3113 7
3114 7
3115 7
3116 7
3117 7
3118 7
3119 7
3120 7
3121 7
3122 7
3123 7
3124 7
3125 7
3126 7
3127 7
3128 7
3129 7
3130 7
3131 7
3132 7
3133 7
3134 7
3135 7
3136 7
3137 7
3138 7
3139 7
3140 7
3141 7
3142 7
3143 7
3144 7
3145 7
3146 7
3147 7
3148 7
3149 7
3150 7
3151 7
3152 7
3153 8
3154 8
3155 8
3156 8
3157 8
3158 8
3159 8
3160 8
3161 8
3162 8
3163 8
3164 8
3165 8
3166 8
3167 8
3168 8
3169 8
3170 8
3171 8
3172 8
3173 8
3174 8
3175 8
3176 8
3177 8
3178 8
3179 8
3180 8
3181 8
3182 8
3183 8
3184 8
3185 8
3186 8
3187 8
3188 8
3189 8
3190 8
3191 8
3192 8
3193 8
3194 8
3195 8
3196 8
3197 8
3198 8
3199 8
3200 8
3201 8
3202 8
3203 8
3204 8
3205 8
3206 8
3207 8
3208 8
3209 8
3210 8
3211 8
3212 8
3213 8
3214 8
3215 8
3216 8
3217 8
3218 8
3219 8
3220 8
3221 8
3222 8
3223 8
3224 8
3225 8
3226 8
3227 8
3228 8
3229 8
3230 8
3231 8
3232 8
3233 8
3234 8
3235 8
3236 8
3237 8
3238 8
3239 8
3240 8
3241 8
3242 8
3243 8
3244 8
3245 8
3246 8
3247 8
3248 8
3249 8
3250 8
3251 8
3252 8
3253 8
3254 8
3255 8
3256 8
3257 8
3258 8
3259 8
3260 8
3261 8
3262 8
3263 8
3264 8
3265 8
3266 8
3267 8
3268 8
3269 8
3270 8
3271 8
3272 8
3273 8
3274 8
3275 8
3276 8
3277 8
3278 8
3279 8
3280 8
3281 8
3282 8
3283 8
3284 8
3285 8
3286 8
3287 8
3288 8
3289 8
3290 8
3291 8
3292 8
3293 8
3294 8
3295 8
3296 8
3297 8
3298 8
3299 8
3300 8
3301 8
3302 8
3303 8
3304 8
3305 8
3306 8
3307 8
3308 8
3309 8
3310 8
3311 8
3312 8
3313 8
3314 8
3315 8
3316 8
3317 8
3318 8
3319 8
3320 8
3321 8
3322 8
3323 8
3324 8
3325 8
3326 8
3327 8
3328 8
3329 8
3330 8
3331 8
3332 8
3333 8
3334 8
3335 8
3336 8
3337 8
3338 8
3339 8
3340 8
3341 8
3342 8
3343 8
3344 8
3345 8
3346 8
3347 8
3348 8
3349 8
3350 8
3351 8
3352 8
3353 8
3354 8
3355 8
3356 8
3357 8
3358 8
3359 8
3360 8
3361 8
3362 8
3363 8
3364 8
3365 8
3366 8
3367 8
3368 8
3369 8
3370 8
3371 8
3372 8
3373 8
3374 8
3375 8
3376 8
3377 8
3378 8
3379 8
3380 8
3381 8
3382 8
3383 8
3384 8
3385 8
3386 8
3387 8
3388 8
3389 8
3390 8
3391 8
3392 8
3393 8
3394 8
3395 8
3396 8
3397 8
3398 8
3399 8
3400 8
3401 8
3402 8
3403 8
3404 8
3405 8
3406 8
3407 8
3408 8
3409 8
3410 8
3411 8
3412 8
3413 8
3414 8
3415 8
3416 8
3417 8
3418 8
3419 8
3420 8
3421 8
3422 8
3423 8
3424 8
3425 8
3426 8
3427 8
3428 8
3429 8
3430 8
3431 8
3432 8
3433 8
3434 8
3435 8
3436 8
3437 8
3438 8
3439 8
3440 8
3441 8
3442 8
3443 8
3444 8
3445 8
3446 8
3447 8
3448 8
3449 8
3450 8
3451 8
3452 8
3453 8
3454 8
3455 8
3456 8
3457 8
3458 8
3459 8
3460 8
3461 8
3462 8
3463 8
3464 8
3465 8
3466 8
3467 8
3468 8
3469 8
3470 8
3471 8
3472 8
3473 8
3474 8
3475 8
3476 8
3477 8
3478 8
3479 8
3480 8
3481 8
3482 8
3483 8
3484 8
3485 8
3486 8
3487 8
3488 8
3489 8
3490 8
3491 8
3492 8
3493 8
3494 8
3495 8
3496 8
3497 8
3498 8
3499 8
3500 8
3501 8
3502 8
3503 8
3504 8
3505 8
3506 8
3507 8
3508 8
3509 8
3510 8
3511 8
3512 8
3513 8
3514 8
3515 8
3516 8
3517 8
3518 8
3519 8
3520 8
3521 8
3522 8
3523 8
3524 8
3525 8
3526 8
3527 8
3528 8
3529 8
3530 8
3531 8
3532 8
3533 8
3534 8
3535 8
3536 8
3537 8
3538 8
3539 8
3540 8
3541 8
3542 8
3543 8
3544 8
3545 8
3546 8
3547 8
3548 8
3549 8
3550 8
3551 8
3552 8
3553 8
3554 8
3555 8
3556 8
3557 8
3558 8
3559 8
3560 8
3561 8
3562 8
3563 8
3564 8
3565 8
3566 8
3567 8
3568 8
3569 8
3570 8
3571 8
3572 8
3573 8
3574 8
3575 8
3576 8
3577 8
3578 8
3579 8
3580 8
3581 8
3582 8
3583 8
3584 8
3585 8
3586 8
3587 8
3588 8
3589 8
3590 8
3591 8
3592 8
3593 8
3594 8
3595 8
3596 8
3597 8
3598 8
3599 8
3600 8
3601 8
3602 8
3603 8
3604 8
3605 8
3606 8
3607 8
3608 8
3609 8
3610 8
3611 8
3612 8
3613 8
3614 8
3615 8
3616 8
3617 8
3618 8
3619 8
3620 8
3621 8
3622 8
3623 8
3624 8
3625 8
3626 8
3627 8
3628 8
3629 8
3630 8
3631 8
3632 8
3633 8
3634 8
3635 8
3636 8
3637 8
3638 8
3639 8
3640 8
3641 8
3642 8
3643 8
3644 8
3645 8
3646 8
3647 8
3648 8
3649 8
3650 8
3651 8
3652 8
3653 8
3654 8
3655 8
3656 8
3657 8
3658 8
3659 8
3660 8
3661 8
3662 8
3663 8
3664 8
3665 8
3666 8
3667 8
3668 8
3669 8
3670 8
3671 8
3672 8
3673 8
3674 8
3675 8
3676 8
3677 8
3678 8
3679 8
3680 8
3681 8
3682 8
3683 8
3684 8
3685 8
3686 8
3687 8
3688 8
3689 8
3690 8
3691 8
3692 8
3693 8
3694 8
3695 8
3696 8
3697 8
3698 8
3699 8
3700 8
3701 8
3702 8
3703 8
3704 8
3705 8
3706 8
3707 8
3708 8
3709 8
3710 8
3711 8
3712 8
3713 8
3714 8
3715 8
3716 8
3717 8
3718 8
3719 8
3720 8
3721 8
3722 8
3723 8
3724 8
3725 8
3726 8
3727 8
3728 8
3729 8
3730 8
3731 8
3732 8
3733 8
3734 8
3735 8
3736 8
3737 8
3738 8
3739 8
3740 8
3741 8
3742 8
3743 8
3744 8
3745 8
3746 8
3747 8
3748 8
3749 8
3750 8
3751 8
3752 8
3753 8
3754 8
3755 8
3756 8
3757 8
3758 8
3759 8
3760 8
3761 8
3762 8
3763 8
3764 8
3765 8
3766 8
3767 8
3768 8
3769 8
3770 8
3771 8
3772 8
3773 8
3774 8
3775 8
3776 8
3777 8
3778 8
3779 8
3780 8
3781 8
3782 8
3783 8
3784 8
3785 8
3786 8
3787 8
3788 8
3789 8
3790 8
3791 8
3792 8
3793 8
3794 8
3795 8
3796 8
3797 8
3798 8
3799 8
3800 8
3801 8
3802 8
3803 8
3804 8
3805 8
3806 8
3807 8
3808 8
3809 8
3810 8
3811 8
3812 8
3813 8
3814 8
3815 8
3816 8
3817 8
3818 8
3819 8
3820 8
3821 8
3822 8
3823 8
3824 8
3825 8
3826 8
3827 9
3828 9
3829 9
3830 9
3831 9
3832 9
3833 9
3834 9
3835 9
3836 9
3837 9
3838 9
3839 9
3840 9
3841 9
3842 9
3843 9
3844 9
3845 9
3846 9
3847 9
3848 9
3849 9
3850 9
3851 9
3852 9
3853 9
3854 9
3855 9
3856 9
3857 9
3858 9
3859 9
3860 9
3861 9
3862 9
3863 9
3864 9
3865 9
3866 9
3867 9
3868 9
3869 9
3870 9
3871 9
3872 9
3873 9
3874 9
3875 9
3876 9
3877 9
3878 9
3879 9
3880 9
3881 9
3882 9
3883 9
3884 9
3885 9
3886 9
3887 9
3888 9
3889 9
3890 9
3891 9
3892 9
3893 9
3894 9
3895 9
3896 9
3897 9
3898 9
3899 9
3900 9
3901 9
3902 9
3903 9
3904 9
3905 9
3906 9
3907 9
3908 9
3909 9
3910 9
3911 9
3912 9
3913 9
3914 9
3915 9
3916 9
3917 9
3918 9
3919 9
3920 9
3921 9
3922 9
3923 9
3924 9
3925 9
3926 9
3927 9
3928 9
3929 9
3930 9
3931 9
3932 9
3933 9
3934 9
3935 9
3936 9
3937 9
3938 9
3939 9
3940 9
3941 9
3942 9
3943 9
3944 9
3945 9
3946 9
3947 9
3948 9
3949 9
3950 9
3951 9
3952 9
3953 9
3954 9
3955 9
3956 9
3957 9
3958 9
3959 9
3960 9
3961 9
3962 9
3963 9
3964 9
3965 9
3966 9
3967 9
3968 9
3969 9
3970 9
3971 9
3972 9
3973 9
3974 9
3975 9
3976 9
3977 9
3978 9
3979 9
3980 9
3981 9
3982 9
3983 9
3984 9
3985 9
3986 9
3987 9
3988 9
3989 9
3990 9
3991 9
3992 9
3993 9
3994 9
3995 9
3996 9
3997 9
3998 9
3999 9
4000 9
4001 9
4002 9
4003 9
4004 9
4005 9
4006 9
4007 9
4008 9
4009 9
4010 9
4011 9
4012 9
4013 9
4014 9
4015 9
4016 9
4017 9
4018 9
4019 9
4020 9
4021 9
4022 9
4023 9
4024 9
4025 9
4026 9
4027 9
4028 9
4029 9
4030 9
4031 9
4032 9
4033 9
4034 9
4035 9
4036 9
4037 9
4038 9
4039 9
4040 9
4041 9
4042 9
4043 9
4044 9
4045 9
4046 9
4047 9
4048 9
4049 9
4050 9
4051 9
4052 9
4053 9
4054 9
4055 9
4056 9
4057 9
4058 9
4059 9
4060 9
4061 9
4062 9
4063 9
4064 9
4065 9
4066 9
4067 9
4068 9
4069 9
4070 9
4071 9
4072 9
4073 9
4074 9
4075 9
4076 9
4077 9
4078 9
4079 9
4080 9
4081 9
4082 9
4083 9
4084 9
4085 9
4086 9
4087 9
4088 9
4089 9
4090 9
4091 9
4092 9
4093 9
4094 9
4095 9
4096 9
4097 9
4098 9
4099 9
4100 9
4101 9
4102 9
4103 9
4104 9
4105 9
4106 9
4107 9
4108 9
4109 9
4110 9
4111 9
4112 9
4113 9
4114 9
4115 9
4116 9
4117 9
4118 9
4119 9
4120 9
4121 9
4122 9
4123 9
4124 9
4125 9
4126 9
4127 9
4128 9
4129 9
4130 9
4131 9
4132 9
4133 9
4134 9
4135 9
4136 9
4137 9
4138 9
4139 9
4140 9
4141 9
4142 9
4143 9
4144 9
4145 9
4146 9
4147 9
4148 9
4149 9
4150 9
4151 9
4152 9
4153 9
4154 9
4155 9
4156 9
4157 9
4158 9
4159 9
4160 9
4161 9
4162 9
4163 9
4164 9
4165 9
4166 9
4167 9
4168 9
4169 9
4170 9
4171 9
4172 9
4173 9
4174 9
4175 9
4176 9
4177 9
4178 9
4179 9
4180 9
4181 9
4182 9
4183 9
4184 9
4185 9
4186 9
4187 9
4188 9
4189 9
4190 9
4191 9
4192 9
4193 9
4194 9
4195 9
4196 9
4197 9
4198 9
4199 9
4200 9
4201 9
4202 9
4203 9
4204 9
4205 9
4206 9
4207 9
4208 9
4209 9
4210 9
4211 9
4212 9
4213 9
4214 9
4215 9
4216 9
4217 9
4218 9
4219 9
4220 9
4221 9
4222 9
4223 9
4224 9
4225 9
4226 9
4227 9
4228 9
4229 9
4230 9
4231 9
4232 9
4233 9
4234 9
4235 9
4236 9
4237 9
4238 9
4239 9
4240 9
4241 9
4242 9
4243 9
4244 9
4245 9
4246 9
4247 9
4248 9
4249 9
4250 9
4251 9
4252 9
4253 9
4254 9
4255 9
4256 9
4257 9
4258 9
4259 9
4260 9
4261 9
4262 9
4263 9
4264 9
4265 9
4266 9
4267 9
4268 9
4269 9
4270 9
4271 9
4272 9
4273 9
4274 9
4275 9
4276 9
4277 9
4278 9
4279 9
4280 9
4281 9
4282 9
4283 9
4284 9
4285 9
4286 9
4287 9
4288 9
4289 9
4290 9
4291 9
4292 9
4293 9
4294 9
4295 9
4296 9
4297 9
4298 9
4299 9
4300 9
4301 9
4302 9
4303 9
4304 9
4305 9
4306 9
4307 9
4308 9
4309 9
4310 9
4311 9
4312 9
4313 9
4314 9
4315 9
4316 9
4317 9
4318 9
4319 9
4320 9
4321 9
4322 9
4323 9
4324 9
4325 9
4326 9
4327 9
4328 9
4329 9
4330 9
4331 9
4332 9
4333 9
4334 9
4335 9
4336 9
4337 9
4338 9
4339 9
4340 9
4341 9
4342 9
4343 9
4344 9
4345 9
4346 9
4347 9
4348 9
4349 9
4350 9
4351 9
4352 9
4353 9
4354 9
4355 9
4356 9
4357 9
4358 9
4359 9
4360 9
4361 9
4362 9
4363 9
4364 9
4365 9
4366 9
4367 9
4368 9
4369 9
4370 9
4371 9
4372 9
4373 9
4374 9
4375 9
4376 9
4377 9
4378 9
4379 9
4380 9
4381 9
4382 9
4383 9
4384 9
4385 9
4386 9
4387 9
4388 9
4389 9
4390 9
4391 9
4392 9
4393 9
4394 9
4395 9
4396 9
4397 9
4398 9
4399 9
4400 9
4401 9
4402 9
4403 9
4404 9
4405 9
4406 9
4407 9
4408 9
4409 9
4410 9
4411 9
4412 9
4413 9
4414 9
4415 9
4416 9
4417 9
4418 9
4419 9
4420 9
4421 9
4422 9
4423 9
4424 9
4425 9
4426 9
4427 9
4428 9
4429 9
4430 9
4431 9
4432 9
4433 9
4434 9
4435 9
4436 9
4437 9
4438 9
4439 9
4440 9
4441 9
4442 9
4443 9
4444 9
4445 9
4446 9
4447 9
4448 9
4449 9
4450 9
4451 9
4452 9
4453 9
4454 9
4455 9
4456 9
4457 9
4458 9
4459 9
4460 9
4461 9
4462 9
4463 9
4464 9
4465 9
4466 9
4467 9
4468 9
4469 9
4470 9
4471 9
4472 9
4473 9
4474 9
4475 9
4476 9
4477 9
4478 9
4479 9
4480 9
4481 9
4482 9
4483 9
4484 9
4485 9
4486 9
4487 9
4488 9
4489 9
4490 9
4491 9
4492 9
4493 9
4494 9
4495 9
4496 9
4497 9
4498 9
4499 9
4500 9
4501 9
4502 9
4503 9
4504 9
4505 9
4506 9
4507 9
4508 9
4509 9
4510 9
4511 9
4512 9
4513 9
4514 9
4515 9
4516 9
4517 9
4518 9
4519 9
4520 9
4521 9
4522 9
4523 9
4524 9
4525 9
4526 9
4527 9
4528 9
4529 9
4530 9
4531 9
4532 9
4533 9
4534 9
4535 9
4536 9
4537 9
4538 9
4539 9
4540 9
4541 9
4542 9
4543 9
4544 9
4545 9
4546 9
4547 9
4548 9
4549 9
4550 9
4551 9
4552 9
4553 9
4554 9
4555 9
4556 9
4557 9
4558 9
4559 9
4560 9
4561 9
4562 9
4563 9
4564 9
4565 9
4566 9
4567 9
4568 9
4569 9
4570 9
4571 9
4572 9
4573 9
4574 9
4575 9
4576 9
4577 9
4578 9
4579 9
4580 9
4581 9
4582 9
4583 9
4584 9
4585 9
4586 9
4587 9
4588 9
4589 9
4590 9
4591 9
4592 9
4593 9
4594 9
4595 9
4596 9
4597 9
4598 9
4599 9
4600 9
4601 9
4602 9
4603 9
4604 9
4605 9
4606 9
4607 9
4608 9
4609 9