12 529
445 563
830 1197
503 1033
862 1001
68 1650
597 1740
1162 1574
118 347
1005 1759
103 346
851 1335
1515 1516
267 321
716 882
431 779
878 1240
108 186
893 1650
209 212
1073 1647
59 384
317 1131
973 1217
1012 1455
1225 1800
369 530
191 366
1517 1753
12 64
225 1092
487 1131
708 1601
461 563
383 494
1009 1829
426 665
125 779
59 463
367 411
153 1114
56 1466
290 563
1733 1982
142 493
784 1018
894 1611
1806 1947
1055 1315
314 556
323 1240
454 834
56 59
519 1908
1327 1361
422 489
433 454
1297 1416
184 578
403 563
114 174
239 1325
275 367
755 1240
865 1233
1006 1010
1697 1702
667 760
511 641
1415 1510
131 1109
55 1938
430 544
502 1109
352 411
1563 1928
655 1800
482 1893
1404 1735
1036 1765
430 665
1631 1688
372 489
952 1574
248 1942
124 180
738 1397
38 543
621 915
1458 1649
26 190
2 681
1284 1289
23 175
812 840
1223 1301
770 1738
1005 1550
1726 1842
20 846
883 1242
285 1121
1153 1157
1455 1895
278 489
191 432
647 1135
227 330
59 192
343 772
59 1593
456 459
929 1146
1467 1542
662 972
440 775
735 855
1619 1809
323 1915
1278 1876
1521 1637
30 225
374 889
1263 1290
917 1082
1146 1231
1550 1777
380 1354
136 383
850 1098
265 1415
1196 1240
416 1390
1695 1816
966 1834
146 225
323 1375
359 1109
1384 1561
92 515
872 1004
980 1543
1444 1446
59 407
244 1714
1121 1327
118 489
259 260
321 1177
411 486
425 771
19 87
5 372
209 353
1358 1748
225 382
1007 1117
69 191
858 1068
1070 1464
1457 1902
321 722
26 1215
1477 1631
669 1647
973 1076
948 1458
229 1569
79 253
1333 1458
596 972
1381 1388
486 1843
941 1331
1336 1412
651 1540
28 225
1452 1926
69 577
972 1060
96 1397
1300 1679
519 1005
685 728
1863 1931
430 656
1010 1829
1359 1883
189 299
1003 1159
1454 1711
1429 1788
323 1891
299 1341
1219 1491
372 1297
1439 1685
1445 1608
418 1528
1441 1910
232 1111
78 1233
561 1471
11 185
760 1204
1421 1551
965 1706
198 405
873 1105
24 190
410 432
1359 1633
422 1843
923 1293
830 1738
669 1073
1423 1956
1140 1617
19 589
1500 1953
705 1301
369 479
307 1543
1273 1294
1060 1076
682 1282
764 1011
789 1195
190 1828
515 1455
287 1408
1327 1503
1458 1601
433 524
1235 1241
518 730
844 1763
713 1262
555 903
687 1330
369 1867
942 943
45 1109
784 1037
515 1240
421 1094
247 249
1543 1547
131 411
1741 1759
1207 1240
1366 1392
837 904
421 423
1373 1458
760 1196
649 881
813 1258
676 1314
95 1458
106 1602
1263 1928
125 279
1187 1306
492 674
421 1336
250 715
421 1877
97 563
1314 1504
477 550
103 477
216 651
454 1749
615 782
602 1261
340 1272
108 1395
644 1067
188 1817
172 1010
323 394
247 250
89 669
411 541
101 1782
261 1798
314 960
413 457
756 771
312 329
1817 1821
425 1650
455 784
716 1224
1424 1491
644 645
213 423
307 1907
790 941
208 836
234 1714
853 1221
808 1057
323 1650
57 563
699 1077
174 795
629 688
1006 1738
539 563
645 1056
429 1047
1773 1969
418 421
1433 1442
22 287
477 1832
141 264
231 878
198 567
729 855
1457 1766
1513 1579
317 888
1496 1548
661 1292
382 421
617 1035
261 463
932 1142
286 323
599 1272
432 840
337 1171
1410 1688
1297 1336
29 197
1071 1658
785 1006
1131 1155
51 555
144 400
715 972
34 430
421 670
349 367
116 1262
845 973
865 905
188 741
1682 1807
1696 1935
1378 1458
69 279
76 458
519 1919
54 1397
844 1139
454 1773
319 421
887 1601
1533 1981
1260 1800
642 887
31 1047
313 1314
1300 1356
880 1242
293 321
2 1650
566 1189
681 1412
489 1953
371 1964
982 1015
877 1005
1006 1009
1132 1196
1477 1679
51 1336
1595 1739
1049 1233
911 939
1367 1731
367 565
936 1220
870 1139
203 1741
367 372
1482 1901
196 1660
91 687
322 1148
261 1689
343 1342
321 625
1274 1503
503 1753
756 1753
957 1274
328 540
125 1530
143 354
1318 1792
498 1470
710 1690
12 193
539 831
807 813
323 1550
474 1354
1678 1693
436 1140
1490 1863
827 1239
260 375
87 1395
1481 1512
1597 1823
60 104
225 363
208 1910
368 1200
1119 1752
933 934
299 1159
549 611
620 843
131 416
1496 1756
1196 1550
427 669
671 910
441 1243
238 398
125 142
867 1005
364 421
908 1086
718 1146
86 190
14 101
422 651
630 726
625 968
119 480
1016 1889
225 418
1360 1932
716 1391
888 1800
1373 1735
372 374
622 915
242 950
891 1259
290 454
134 190
125 1664
238 1046
948 1572
1765 1866
866 912
1758 1861
364 674
751 934
1207 1527
973 1111
1602 1908
1029 1216
948 1319
108 1848
271 1799
697 1153
730 1714
499 1792
159 481
1109 1292
503 1210
947 1260
403 904
579 582
923 1297
374 1796
426 938
788 799
736 1458
1482 1891
357 783
524 1282
1606 1795
597 677
1060 1650
503 1110
372 1846
691 862
1398 1940
574 1971
369 483
944 992
1316 1614
695 1011
432 1654
323 795
489 641
374 421
612 1035
565 1109
421 555
50 1838
888 1742
260 1481
924 1237
409 1210
654 1287
1800 1938
237 305
806 813
868 1183
622 912
285 708
477 1889
21 1318
358 422
1595 1913
1078 1856
592 1005
614 944
1764 1765
46 1853
416 1740
724 730
1742 1759
1033 1951
321 1500
988 1141
853 1988
340 1101
1319 1503
189 1003
1732 1920
414 458
909 915
3 321
626 1243
423 733
87 672
17 1047
1085 1244
767 851
479 515
282 530
1723 1957
368 530
65 408
1845 1929
72 561
125 1044
193 1964
1737 1905
595 1033
1036 1896
539 1895
98 561
888 932
200 1003
318 1473
1763 1850
112 1832
421 1326
1631 1920
648 1650
302 303
1029 1219
1495 1932
423 1047
1365 1415
345 563
3 662
87 477
167 470
323 1196
351 411
65 421
649 926
607 1209
1674 1958
917 1280
1515 1868
1470 1593
489 681
374 552
1380 1454
812 1890
209 375
620 622
15 59
771 1056
1260 1929
127 513
22 242
1348 1927
564 1472
127 1719
903 1487
66 225
300 943
125 1180
408 1422
82 584
84 1090
452 1124
56 1187
87 1549
108 950
244 894
409 440
468 989
951 960
450 499
140 454
670 762
1521 1941
1788 1881
343 888
45 234
190 522
1489 1686
865 1072
934 1019
422 1259
1065 1113
704 742
360 526
1187 1956
1400 1524
1263 1455
306 980
342 411
321 1350
212 1590
375 1590
1547 1789
479 1200
628 1108
993 1085
1113 1146
292 431
987 1458
1889 1894
11 24
579 1199
1606 1865
760 796
193 1389
1731 1843
256 1951
132 1327
16 19
986 1024
1008 1759
1437 1451
147 296
462 1422
12 245
896 1243
1240 1456
211 350
182 421
884 1131
80 1455
409 1752
1456 1829
323 1829
752 1113
828 1197
425 1313
65 308
28 1292
1741 1915
1007 1038
269 1574
1691 1695
642 1458
372 555
471 793
1146 1759
1022 1282
1030 1119
400 1104
108 1362
346 477
1109 1785
1044 1103
135 323
1 421
662 1828
418 1837
947 1968
677 738
877 1908
474 1965
1389 1690
91 1798
1718 1923
62 580
710 1458
432 1007
829 1328
851 971
177 1510
1510 1577
735 1410
454 682
1459 1471
895 1634
1288 1325
1573 1872
557 563
1409 1867
578 1435
43 1735
888 1738
399 503
87 399
271 1860
130 843
242 572
653 887
85 190
765 1280
115 154
145 254
773 1056
1827 1861
54 739
321 1956
116 921
65 1047
111 1458
1382 1460
1204 1266
1361 1591
834 1217
1034 1752
11 207
464 475
654 930
112 346
999 1835
973 1143
157 1550
904 1250
421 462
195 581
176 456
320 1132
1007 1310
1030 1752
246 1000
42 173
1010 1828
746 812
881 1295
421 1209
172 997
349 363
642 1369
97 561
359 411
215 428
1036 1792
887 1411
245 730
833 952
65 1650
125 1822
665 1153
768 1010
339 1962
917 1162
1147 1386
610 1282
1359 1377
1072 1458
1501 1614
84 444
191 657
1612 1741
439 563
1199 1630
659 1259
358 756
65 182
51 1592
1008 1012
1216 1331
474 579
816 1024
218 812
400 909
755 1119
271 801
50 1505
915 1303
340 1313
758 761
1621 1910
1505 1565
42 1889
751 1942
1024 1115
349 420
1677 1752
1006 1008
524 1415
106 836
912 1181
276 454
903 1422
418 1415
1138 1920
730 1828
320 1807
960 993
256 343
190 431
59 492
1166 1264
1766 1958
137 563
395 1079
916 981
931 1131
579 1630
320 796
59 450
1168 1859
674 1000
392 1863
1031 1113
455 470
340 531
430 1471
422 517
537 981
1538 1933
73 421
641 1956
1525 1576
972 1650
1487 1611
655 1757
42 1848
783 1172
1558 1967
2 1846
876 1585
127 860
862 1442
373 1725
707 1144
166 411
1658 1921
370 409
1052 1064
537 917
325 1837
1080 1270
666 960
1251 1732
236 499
75 328
312 1099
435 480
1150 1234
127 749
1741 1903
616 1156
17 328
125 974
1012 1970
51 122
180 1239
225 420
1705 1706
238 605
369 1895
42 1906
350 1590
1260 1845
420 895
68 1909
989 1029
574 860
411 429
328 1476
865 1285
42 364
1002 1627
98 101
844 1762
701 1110
542 563
65 1731
425 888
11 553
1012 1287
677 1217
611 1102
128 422
1436 1820
839 1257
1406 1521
708 711
1533 1614
161 372
383 1779
280 411
190 532
831 1247
420 421
1166 1167
987 1201
561 1348
221 1541
1003 1828
920 1230
1369 1920
840 1166
1635 1903
807 1828
1212 1735
29 561
55 1131
808 1318
1006 1508
1776 1885
211 1395
596 677
934 1893
222 1658
391 1622
271 1856
594 867
32 576
542 1926
612 615
650 1553
1418 1458
264 1493
1119 1272
1525 1539
239 1290
636 957
429 1846
677 737
430 1050
506 763
889 990
434 912
212 353
1801 1912
888 1012
411 1634
674 1219
1368 1747
973 1060
725 983
323 674
690 1024
97 1462
303 1717
1687 1858
1731 1947
214 247
56 705
200 1893
851 1007
1918 1963
548 1415
520 1956
315 1341
455 812
1743 1989
290 561
1047 1094
740 855
645 1230
340 842
1553 1554
982 998
172 674
1458 1945
1614 1657
1251 1601
340 1824
62 355
901 1153
1547 1715
881 1458
51 1714
212 260
379 972
503 1016
1291 1803
2 1109
744 801
159 555
364 460
247 254
1431 1856
513 1180
320 1759
225 421
1247 1650
331 1455
850 878
1008 1010
988 991
109 564
503 1832
352 1634
469 563
1321 1322
323 485
125 766
674 1891
16 256
1672 1822
1819 1820
56 1301
511 1806
1466 1661
635 866
1414 1937
833 835
260 547
1007 1503
85 1475
468 793
101 1662
35 515
950 1653
490 1206
1631 1679
61 258
499 1765
1511 1614
693 876
2 1364
773 1000
242 1650
1085 1682
954 1909
1396 1968
241 1260
1200 1942
435 437
172 226
1463 1807
1778 1804
434 915
262 1220
1599 1726
516 1771
716 1274
200 315
10 366
574 1322
683 1165
284 437
321 1543
38 1974
1631 1678
1686 1693
408 411
1005 1081
50 1899
1219 1745
364 671
225 474
1423 1806
425 818
705 1187
1380 1450
188 419
477 1447
364 570
597 1650
306 1352
85 681
731 970
1033 1752
346 1030
824 1075
1012 1738
422 1956
225 412
1497 1847
430 800
225 1415
343 1824
159 1109
410 1837
323 512
237 411
425 1155
1346 1429
972 973
679 1041
708 1251
321 491
1428 1798
321 526
340 1028
515 1891
1658 1841
918 1131
449 501
1071 1921
1004 1196
899 1240
1686 1920
354 1314
3 190
906 1174
789 1759
1082 1379
430 937
1507 1557
214 1448
819 1271
689 740
189 1573
768 888
1131 1650
835 1574
595 755
446 561
55 1154
454 1347
2 1297
200 1159
31 1487
1058 1135
459 1545
418 1650
232 321
1517 1542
421 489
86 973
489 585
225 1840
965 1930
1383 1901
87 804
854 1222
810 811
1458 1658
301 431
60 142
386 1440
813 1455
321 1685
292 1475
628 1080
1433 1811
439 527
59 202
421 1161
629 1445
1159 1624
1012 1759
120 1219
51 421
1679 1693
565 1846
340 1193
426 1153
129 556
1744 1795
869 1235
480 1453
287 1600
489 1292
784 839
472 1240
1631 1754
1799 1857
411 1650
1453 1890
1316 1504
7 235
933 1060
669 1984
125 1972
550 1447
54 225
753 888
597 715
33 676
1389 1391
934 1828
411 416
921 1007
411 462
612 617
465 528
755 1030
87 1272
670 1109
1764 1793
422 812
1131 1210
926 1458
54 217
1909 1919
451 506
157 1741
114 172
519 1909
1513 1673
411 1487
1047 1785
321 969
1133 1164
352 421
881 1333
1372 1633
1319 1756
371 1389
1241 1322
674 1211
369 478
201 1503
561 726
87 772
637 1291
1566 1924
154 321
321 1461
55 789
313 1460
0 198
1430 1755
321 363
80 304
54 1502
1166 1184
437 1166
976 1224
328 1444
677 1060
1672 1862
728 1283
654 1088
888 1759
1197 1287
105 454
36 372
477 1030
1487 1659
425 960
879 1002
1081 1908
321 1515
120 272
517 635
519 830
1347 1808
418 903
1554 1558
321 1065
267 563
1518 1744
888 1131
413 503
163 364
784 1017
827 1005
1444 1455
617 809
1634 1837
440 477
796 936
351 1534
887 1671
674 1163
97 1969
69 511
9 465
571 573
596 973
601 657
948 1601
1456 1970
702 1164
50 715
426 1311
207 459
323 1006
880 1098
866 1115
264 265
400 910
830 1707
411 555
1016 1034
226 328
107 314
328 452
215 1159
315 1159
31 429
483 1455
1715 1916
26 1304
250 1060
264 548
43 535
1509 1923
478 530
1803 1851
345 561
1006 1759
1144 1894
328 674
421 1364
452 623
489 1047
1516 1868
894 1837
1127 1164
18 1355
1508 1738
1546 1587
1514 1579
653 1671
464 876
477 1033
411 422
29 799
1005 1738
474 743
329 418
748 1024
139 690
1747 1974
526 1088
1531 1657
309 1543
11 332
323 1010
544 1078
369 1200
900 1305
324 1603
516 561
705 1814
180 962
948 1686
887 1631
98 1782
865 948
78 1059
503 1951
28 689
19 550
424 1482
426 901
546 713
1005 1260
429 641
393 810
289 423
1485 1777
561 1191
441 896
411 423
174 1124
453 1664
453 539
634 1393
1319 1688
1596 1598
1505 1785
421 1500
97 584
420 1109
161 374
1394 1959
206 256
1098 1912
239 387
1415 1502
1609 1787
667 1196
888 1008
727 1152
143 373
228 411
1096 1099
981 1059
421 1109
138 284
1338 1641
1369 1769
842 1194
58 563
108 1126
331 1738
503 1124
1457 1849
985 1746
340 1751
729 1128
157 1196
48 421
422 1415
1196 1325
180 323
505 1090
505 1096
133 426
1003 1893
657 1894
411 1415
421 1172
685 689
1219 1424
299 315
125 1103
346 1307
734 1226
51 1176
164 514
33 1330
306 1433
425 645
628 963
933 1019
1880 1966
533 644
411 421
225 1354
196 742
457 458
68 1835
985 1646
765 987
597 972
991 1141
473 1197
215 260
312 878
1487 1634
881 926
1168 1274
609 853
590 1222
48 1634
340 1552
309 389
1674 1827
362 792
33 74
426 949
1060 1143
503 1983
802 1140
179 563
437 1882
173 683
14 97
479 1770
1327 1688
1247 1332
249 250
1054 1268
231 320
172 1726
1464 1783
1575 1873
1411 1631
1036 1793
14 563
1236 1241
1343 1622
1610 1637
767 854
1369 1987
1112 1270
51 423
110 1314
675 679
499 808
1300 1732
1055 1753
364 377
609 839
128 489
1503 1826
966 1688
174 293
369 1770
1551 1879
1360 1442
739 1416
470 1882
1675 1835
651 746
144 341
408 421
674 1635
20 563
1798 1952
77 1241
955 1334
195 425
145 247
412 1877
8 149
1605 1658
50 247
411 474
278 1415
1056 1210
489 1846
484 1185
80 328
471 1029
866 1005
860 1019
367 1301
33 266
663 1153
298 563
1096 1098
431 1164
8 150
1595 1682
255 421
192 489
819 1571
797 1249
11 198
881 1293
217 563
1512 1884
421 1092
323 1255
1552 1949
618 1156
780 1024
29 1775
77 1235
1709 1770
867 1386
97 1782
46 745
235 1535
331 1009
253 586
544 801
972 1217
945 1114
498 1661
54 1365
1240 1637
173 1889
1248 1682
825 951
1131 1142
655 867
47 430
719 934
1652 1979
555 1714
108 824
733 1062
155 584
1803 1807
489 1109
478 1200
30 188
1455 1456
1523 1772
1390 1473
1377 1633
1111 1217
59 388
246 1832
830 1200
841 1289
323 768
411 489
885 1204
162 431
154 1318
930 1279
340 1581
320 1909
246 1894
772 1030
1130 1553
400 841
579 992
225 1023
1530 1805
1855 1856
440 1637
343 1131
941 1120
855 992
1434 1942
55 1113
813 1828
851 1149
1653 1878
422 1877
660 1043
559 1537
1483 1658
371 563
250 431
323 872
1473 1830
885 1650
271 998
611 656
1102 1312
612 696
886 895
1196 1232
835 1227
796 1266
11 405
118 1265
453 1768
87 370
586 1137
482 933
323 1302
421 1415
546 987
850 1096
191 1894
31 65
1362 1881
1197 1455
1140 1763
11 176
1728 1857
441 840
82 563
1318 1604
320 1738
960 1931
1496 1717
263 563
958 1146
1225 1260
59 972
791 969
487 951
1082 1162
1365 1416
305 1716
831 1146
1794 1861
820 1030
1598 1726
258 274
715 1076
1203 1205
666 756
259 1179
489 743
745 1360
174 321
3 86
1628 1980
321 1715
2 447
742 1332
1360 1495
174 968
192 517
641 1947
1534 1788
1260 1425
22 322
1598 1944
343 503
306 389
351 352
113 887
559 1957
421 913
1426 1584
729 1283
108 1075
515 1302
201 205
55 888
27 421
381 494
574 1669
1485 1536
1476 1716
1554 1555
548 1493
173 199
425 884
1550 1779
112 1894
546 765
1601 1686
354 1767
1655 1987
592 1386
650 843
1180 1828
1085 1663
376 494
59 1798
422 551
55 1581
1758 1827
307 569
785 1140
1358 1716
323 1933
674 1968
1215 1304
79 1972
7 576
770 789
1631 1649
48 192
25 508
563 584
1166 1763
482 558
374 1650
198 326
846 892
437 1140
539 1409
688 692
60 972
1634 1638
839 1017
229 443
499 1036
87 589
73 1810
132 361
366 432
430 549
431 482
340 390
436 1909
1005 1909
256 550
645 730
535 1735
1404 1407
1618 1958
849 1276
434 699
587 1109
894 895
212 1884
961 1008
949 1153
87 256
611 998
757 1656
1054 1308
527 563
502 1223
579 689
515 963
271 1431
202 499
430 1158
244 1634
1639 1781
499 1822
69 92
297 364
381 383
200 1872
96 1510
1125 1738
248 1828
617 782
392 899
708 1920
139 673
341 402
1181 1182
759 808
1877 1939
73 108
1364 1519
19 1447
1580 1615
353 547
1537 1598
305 795
1002 1717
1704 1722
436 621
1263 1910
421 1814
300 942
1109 1172
1572 1631
503 1517
3 85
322 1828
1855 1857
340 1615
36 374
212 1512
73 950
895 1611
1506 1769
1020 1169
1355 1787
3 378
425 1391
713 1116
563 1006
343 1951
926 1138
1834 1946
476 1352
183 1950
368 478
96 442
881 1032
885 1325
1314 1511
814 1146
321 1353
4 1622
208 1873
166 372
421 640
425 581
244 1487
1537 1599
128 225
59 509
598 906
390 425
147 1582
698 956
158 1735
786 1141
1307 1752
1677 1839
93 474
321 453
1240 1527
317 1210
51 424
116 1703
147 716
1159 1573
186 421
645 775
155 321
594 655
108 1628
149 150
888 1508
411 412
514 563
363 1353
54 1416
116 1869
234 412
691 933
1469 1478
558 933
285 1458
503 1752
422 641
323 1848
615 617
340 440
234 730
1463 1803
188 380
426 663
549 1102
367 903
115 141
804 878
649 1920
529 1260
656 1856
1196 1456
694 1764
737 959
878 979
489 1496
353 375
147 1229
1136 1323
798 1475
434 844
530 1200
357 462
1462 1782
81 351
1030 1889
651 812
1695 1870
67 421
1140 1781
190 972
20 1926
612 1256
236 1866
8 316
1861 1902
575 1805
621 843
0 11
535 1492
1315 1331
282 478
813 1527
213 411
1 357
235 1107
1683 1919
285 736
33 1316
621 622
484 756
350 428
153 1442
54 1252
157 961
1531 1614
188 1684
1003 1620
190 321
841 890
435 1763
421 1939
244 422
822 1458
421 520
1692 1696
309 1916
1185 1265
393 950
456 1854
1157 1158
1591 1594
1108 1112
395 1083
1376 1633
338 722
209 260
951 1575
738 1217
269 606
776 878
323 1603
1336 1364
648 789
919 999
634 800
59 662
242 425
1616 1898
1458 1935
545 765
346 1889
1377 1883
321 524
241 1718
1008 1230
413 1542
431 1143
318 1802
65 1182
1395 1912
1200 1770
1512 1590
418 1354
421 481
573 1492
266 687
612 782
483 1409
898 1131
574 1828
320 1595
938 1153
1175 1207
1328 1503
887 1643
1340 1631
1000 1878
206 550
1611 1638
152 488
1762 1850
1572 1688
1251 1922
1036 1764
68 539
482 1942
523 563
196 704
1314 1316
12 1650
343 409
55 195
33 543
68 1530
429 555
225 610
1224 1415
447 454
752 1146
561 1729
648 1800
1536 1777
188 689
225 423
530 1770
738 1487
409 1395
321 496
920 1080
1153 1158
281 636
117 321
421 1714
328 1759
242 934
640 1172
689 992
545 1379
473 1455
111 1754
1672 1866
742 754
1191 1282
233 421
516 557
47 665
454 995
742 1163
1582 1961
793 1029
272 526
31 411
391 475
489 1979
423 1109
363 561
549 1363
851 1201
421 1422
114 1124
98 563
421 641
1937 1954
505 1086
190 553
1740 1802
1060 1217
561 1737
221 1616
1455 1867
768 1000
353 1590
94 173
1086 1225
241 1554
114 625
499 1896
503 976
198 830
99 1551
128 1843
1080 1650
1470 1901
1260 1491
464 1740
627 1309
55 752
1277 1301
401 404
1005 1147
283 463
1724 1935
760 885
448 1735
528 563
836 1910
1403 1404
674 742
59 1775
156 1168
367 489
966 1123
1425 1491
559 560
132 1059
2 372
125 538
1135 1228
1807 1913
16 206
1175 1456
200 1624
579 1206
524 563
1341 1619
689 1213
797 865
468 888
1042 1318
1700 1803
1508 1829
198 207
67 319
620 621
976 1229
1837 1886
1861 1958
46 1442
298 1745
1689 1798
772 820
423 1172
1540 1713
437 1900
269 1190
735 1686
1403 1601
1352 1925
422 1367
761 1196
1167 1169
811 950
81 102
172 328
910 1104
132 1922
1681 1693
1734 1735
1036 1866
169 323
27 416
615 1035
226 521
631 673
218 1264
961 1741
7 365
454 1352
115 274
934 1942
499 1323
324 1231
430 1465
227 999
97 98
321 1203
553 834
904 1073
1318 1793
862 863
307 1224
401 449
1633 1636
870 1166
1036 1672
652 899
426 935
861 1264
437 914
1698 1905
556 1277
275 1785
128 1109
1267 1271
196 1456
140 253
689 729
723 1920
59 1702
1357 1361
224 291
655 1147
468 1189
285 1120
611 1015
922 1007
1539 1730
320 487
1649 1688
864 1104
516 1191
323 1247
1029 1637
248 751
800 1388
1832 1894
555 1326
321 1828
225 566
867 1225
1086 1682
941 1327
664 697
251 563
1670 1694
1199 1273
421 1045
1052 1053
1642 1690
55 343
412 1412
1029 1189
396 1959
418 1441
686 1282
1457 1674
425 1087
174 305
950 1480
918 1231
437 844
560 1564
42 323
425 533
250 1164
1297 1415
260 1590
574 1236
1727 1865
841 1284
677 1091
340 1539
1580 1581
29 1215
372 552
591 1164
363 421
805 1013
676 687
314 899
31 555
1533 1767
257 320
693 977
1638 1714
580 739
411 1505
453 1551
48 903
1578 1622
306 1543
77 946
59 499
400 1275
983 1745
468 961
160 430
1153 1311
144 402
447 1336
1006 1012
687 1041
280 342
341 400
411 502
691 863
245 1260
515 1247
586 1989
1408 1600
1871 1975
968 969
1728 1855
691 934
628 931
325 1012
108 1906
879 1249
110 564
1208 1541
1381 1393
55 425
839 853
55 317
489 1172
639 933
11 326
903 1837
190 378
888 1815
260 353
311 454
1438 1451
436 1375
33 91
620 912
717 1247
241 812
105 453
59 283
191 1144
809 846
431 1060
1303 1954
295 453
190 476
1339 1543
430 1312
77 1382
285 1642
240 563
411 1412
149 316
1033 1839
63 328
1524 1528
604 851
659 1265
446 788
1219 1425
241 1804
59 1650
593 695
115 258
1168 1327
641 1187
125 680
629 1159
719 933
411 565
1420 1798
351 1965
808 1323
966 1165
803 885
67 225
903 1611
196 866
120 1160
1300 1479
933 1942
803 1196
59 1736
1189 1255
1008 1146
1009 1010
264 495
105 295
499 1672
612 846
352 418
995 1917
145 292
428 1590
54 1297
1583 1735
547 1512
99 295
402 841
717 1005
1867 1892
93 421
644 775
96 1634
112 1016
1874 1899
1499 1821
865 1690
146 422
523 1494
10 432
1437 1438
684 1182
1187 1301
775 1008
14 658
791 795
926 1920
1918 1977
242 1200
1458 1483
148 336
933 1828
59 261
1391 1550
1341 1809
95 1489
63 1650
1344 1988
1000 1244
421 1843
1522 1602
1688 1696
116 917
1009 1012
188 225
956 1324
673 1008
188 351
299 1003
1440 1804
437 1762
309 1666
321 1873
125 1060
388 454
498 1026
444 505
1568 1758
1346 1427
454 1858
1098 1320
1240 1741
626 915
185 756
1401 1798
980 1216
343 425
182 1047
526 1482
472 1456
421 502
599 755
275 1505
408 1423
1257 1988
40 119
323 907
4 372
248 902
824 878
1896 1917
487 674
833 1212
12 194
276 563
60 261
239 936
367 1731
219 1264
1247 1923
970 1051
1085 1801
478 479
1010 1710
60 1775
23 219
65 1094
1273 1274
634 1388
11 567
225 489
907 1007
870 1140
1614 1725
340 1580
68 519
926 927
931 1108
1179 1226
1486 1584
1390 1846
340 1576
421 1487
1291 1700
313 1864
1364 1415
681 1292
323 472
1541 1612
77 1971
636 1219
1027 1111
1337 1825
40 480
1247 1550
1359 1636
1366 1960
626 1309
241 877
340 666
689 1128
1207 1970
336 1354
765 1116
250 1449
669 1800
157 1742
1388 1393
482 1828
308 421
285 1369
19 772
363 641
694 1765
1470 1589
941 1070
852 1109
734 1624
730 1061
97 101
710 1274
229 1586
803 831
261 1467
554 1532
771 932
172 625
86 378
895 903
248 719
474 903
320 1202
668 1156
125 556
1790 1962
817 973
68 288
1005 1247
871 1208
50 1802
310 517
1487 1714
721 735
1028 1194
132 1348
1633 1883
1208 1612
959 1448
1389 1964
564 1478
367 484
173 1554
1060 1063
93 351
112 477
1563 1923
671 1275
76 1487
1294 1334
307 321
19 256
420 555
574 1914
1505 1838
1601 1769
851 1156
1016 1033
379 973
287 930
215 1625
418 886
11 294
456 1584
1003 1226
959 1413
222 1688
454 956
60 492
758 1132
1085 1851
223 574
488 563
535 1961
19 1951
1624 1872
440 1028
974 1103
259 1226
615 809
1455 1738
739 1397
836 1172
632 788
1598 1599
430 1393
913 1265
1537 1957
890 1024
1647 1780
323 1195
708 1458
256 1637
13 117
680 933
1003 1809
641 1877
873 969
610 1092
1032 1631
1550 1749
1240 1550
273 1640
1049 1317
590 854
519 1247
768 1005
482 934
644 1118
423 489
343 1581
579 743
56 492
418 1634
353 1526
190 379
560 1723
39 435
196 1247
53 547
453 509
323 1759
174 1748
935 937
420 1412
1377 1636
714 1010
561 1623
795 969
1568 1618
772 1089
174 969
499 1793
222 1410
440 1549
593 1011
158 1986
138 572
1391 1777
352 422
426 1465
853 1264
555 886
86 232
139 1489
34 563
550 772
411 481
125 1013
245 1863
238 1024
887 1458
497 561
1354 1415
1247 1302
603 1303
623 1057
55 1508
125 805
454 1687
876 1740
430 1381
820 1107
163 524
422 1846
930 1759
89 563
696 846
301 472
941 1121
477 1752
1397 1493
1274 1348
1022 1967
1813 1909
1380 1526
106 384
1537 1596
421 1836
392 874
1537 1564
0 326
546 1116
278 903
386 409
239 803
310 411
434 1139
1219 1968
60 522
856 934
708 1023
1349 1791
819 1662
1560 1662
520 1185
629 692
1620 1625
813 1175
146 439
498 1901
142 580
338 483
343 1240
372 1650
409 503
340 1863
1356 1732
903 1634
24 834
1571 1662
935 1157
1651 1668
1274 1692
396 1495
1318 1427
413 458
454 1729
225 352
1007 1148
1097 1172
811 1720
321 694
678 946
76 1983
641 1805
1500 1787
423 1400
1611 1714
700 844
1658 1681
18 148
1926 1936
1034 1307
83 1003
931 1080
778 1273
628 1229
1260 1424
600 601
1624 1625
747 1024
423 424
94 515
33 397
1119 1307
1391 1562
425 963
831 1240
1944 1950
512 1423
1387 1391
1340 1945
757 1803
1588 1934
840 896
209 428
1596 1842
734 1159
860 933
1005 1208
210 1551
559 1723
972 1076
1354 1684
1045 1326
894 903
1450 1711
323 1482
1742 1933
838 1695
841 1130
1196 1650
59 236
664 1153
411 517
422 1910
925 1920
1376 1636
368 479
768 1006
555 1939
1421 1973
1671 1693
430 949
323 1741
1660 1800
1350 1435
131 412
321 964
824 1039
844 912
309 1907
989 1270
421 1412
813 1159
505 1739
1079 1180
1196 1933
468 1288
79 1977
108 126
217 1493
1601 1920
471 980
68 1247
92 1805
320 1160
418 1524
801 1856
256 477
893 1800
474 1667
286 515
1071 1378
279 1862
911 1153
453 454
449 1257
301 331
888 898
1918 1972
1069 1113
787 788
426 430
229 562
781 999
65 489
425 1108
1086 1090
546 1059
881 925
1742 1815
455 1166
1301 1956
418 489
880 1248
373 1767
1881 1967
1457 1618
2 1365
455 1037
766 1200
639 1893
932 1180
5 191
957 1202
1475 1708
1036 1822
833 1227
80 1446
961 1759
503 755
380 419
757 1463
112 1030
1556 1852
386 1776
356 364
713 765
383 1536
774 1005
1300 1498
635 940
48 517
91 1614
302 510
234 1045
1318 1907
818 1131
426 1050
1788 1965
1018 1257
1025 1264
675 1329
357 1422
427 563
1006 1682
12 121
510 535
80 1491
417 561
321 438
351 566
1145 1323
87 503
512 515
440 503
1372 1636
1655 1754
366 410
155 563
1488 1877
1351 1853
826 987
114 1177
125 431
196 1933
127 536
112 1447
1372 1377
51 1487
580 1875
1374 1422
688 1445
321 1759
430 763
972 1091
800 1393
116 1162
85 86
1400 1528
1474 1856
60 1730
1588 1910
320 1761
760 761
613 1318
682 1192
1375 1559
1319 1458
440 1000
1009 1759
1406 1637
489 565
346 1752
67 1760
146 563
110 1316
385 390
422 1634
1947 1956
301 1829
81 225
631 1675
1146 1281
421 1238
1008 1125
233 308
314 993
139 1641
462 895
278 418
125 580
1632 1876
412 421
1595 1803
1300 1432
1207 1455
323 1239
537 1574
851 1218
19 1033
1060 1828
206 346
406 563
18 1373
1443 1599
413 1030
703 831
594 1005
124 393
1196 1288
52 437
421 429
561 584
429 489
1045 1176
480 1850
1904 1971
1231 1660
112 323
563 578
554 563
28 421
56 1258
555 913
1047 1172
1626 1797
300 321
770 1008
712 1095
1410 1987
102 421
1410 1978
1059 1116
1418 1888
180 961
226 930
62 125
473 1915
51 1109
494 1777
437 480
431 1828
1198 1222
1274 1935
239 1220
473 674
1297 1365
789 893
1527 1970
524 1391
603 1308
1084 1180
108 1029
779 897
101 563
31 1415
1457 1758
1458 1769
851 1186
188 1499
794 911
515 519
215 1003
59 918
321 1791
425 1131
454 710
321 431
759 1631
843 1130
1755 1864
856 933
568 1243
128 421
425 1508
59 770
495 738
455 1882
147 1961
412 1422
261 1774
136 381
1484 1713
1853 1982
363 1261
181 252
1492 1574
377 1741
454 808
1601 1649
555 1209
102 225
880 883
217 1577
467 516
948 1688
633 917
323 515
1229 1771
340 425
861 1221
19 343
830 1074
59 123
401 1257
124 324
847 944
454 1551
455 1020
334 519
689 835
1732 1922
1197 1247
80 1908
1681 1696
1569 1865
12 300
853 1017
309 1442
900 1180
674 1955
227 612
421 1365
470 1169
117 563
54 96
835 1734
1770 1867
1197 1240
422 1390
1140 1882
593 643
59 718
328 521
1196 1290
396 563
851 857
812 1540
813 933
1570 1928
539 1276
975 1178
437 1763
836 1873
376 381
1290 1325
1572 1601
794 1823
188 952
446 563
474 1629
1655 1978
125 1879
241 320
645 920
395 1084
539 849
266 1041
1345 1691
422 1731
487 965
462 903
1637 1941
1799 1856
515 1933
624 1260
832 1049
1477 1658
1024 1299
354 373
422 439
561 1438
789 1230
45 411
570 674
350 353
208 1575
1417 1844
1166 1882
321 348
1251 1920
948 1631
14 561
1159 1797
42 1395
57 584
30 419
555 1877
585 1259
426 800
1005 1074
43 1292
612 809
1544 1805
1355 1684
1856 1857
29 1472
147 1273
321 716
55 1296
65 423
317 1087
114 968
60 1178
1391 1536
45 730
382 423
1448 1585
1109 1505
323 1527
399 576
650 1554
73 411
1765 1862
254 292
1009 1125
899 978
689 847
1060 1091
1682 1804
90 563
1336 1365
68 866
1738 1970
170 444
1133 1160
871 1197
157 323
328 459
14 321
1165 1411
627 915
686 1135
38 1825
1085 1566
793 1131
1059 1503
701 1127
437 967
265 548
387 500
190 232
411 447
66 563
363 1873
220 440
1187 1240
1363 1532
311 453
275 411
667 1266
749 764
989 1219
130 344
1029 1391
1468 1649
1095 1317
284 1037
323 407
881 927
733 1047
1908 1909
730 1000
173 246
519 1676
868 1180
163 1554
782 1014
87 1440
863 1001
786 1215
370 440
1196 1247
416 641
1759 1903
797 851
225 1806
421 1176
574 1241
1457 1861
418 1066
1601 1690
28 474
221 1046
1445 1872
427 465
3 250
2 151
1043 1178
1761 1923
1219 1362
189 315
264 321
729 847
1461 1632
1369 1643
1159 1872
55 533
1520 1531
809 999
613 972
1682 1913
473 1240
369 534
642 736
1003 1341
1023 1712
37 68
96 1493
474 1630
418 502
436 1763
326 567
152 563
1640 1695
357 1252
789 898
708 1769
1843 1846
1633 1907
1587 1712
854 1198
260 1884
1601 1688
1193 1194
220 409
431 1650
858 1623
211 353
148 296
1140 1166
1471 1532
1607 1636
139 1134
698 1324
127 574
156 563
1403 1407
303 1712
477 1839
1651 1721
122 563
1219 1270
478 483
126 1628
364 424
51 489
655 1386
1240 1455
33 1825
421 422
51 159
1199 1283
419 1355
422 1174
232 1459
454 1690
524 671
736 1642
1847 1873
555 895
1048 1233
454 1768
107 487
831 1200
116 1699
47 426
173 1296
786 1136
221 1770
683 1021
966 1696
473 515
128 411
1083 1180
669 947
1262 1458
537 633
421 1042
632 1304
1802 1838
62 1973
56 507
59 1689
400 402
1758 1902
823 881
987 1335
1003 1608
225 439
426 1157
1016 1030
225 527
119 435
923 1265
828 1005
54 125
479 530
1592 1877
421 1047
1015 1823
473 1147
213 367
1100 1243
243 888
188 1354
260 299
654 1000
903 1714
1017 1018
605 1122
1359 1376
430 1388
197 498
806 807
1129 1131
2 489
281 1202
1024 1289
957 983
1411 1987
583 1415
259 375
1686 1688
677 973
106 1367
35 1805
1047 1846
470 1167
1565 1838
33 1504
487 1706
1411 1978
430 1887
478 1770
784 1988
1751 1753
16 477
338 1892
411 1910
1371 1856
242 1660
33 675
354 679
59 1866
479 1833
225 1282
413 1751
1785 1838
172 364
835 1212
1036 1042
765 1059
574 687
224 430
60 1875
1000 1759
468 471
1611 1659
651 1713
87 1722
220 477
133 160
1653 1682
517 940
114 328
1006 1287
431 1305
970 980
340 409
188 421
367 422
317 666
505 1099
293 968
307 1229
323 1538
362 817
125 162
472 512
40 435
44 773
383 1419
89 465
950 1720
75 1554
1085 1225
435 844
1774 1798
1090 1366
454 499
196 323
619 904
1493 1510
559 1564
1008 1829
1301 1306
50 318
163 1770
1458 1631
454 1141
433 563
421 1373
1520 1614
671 1554
51 225
755 1844
733 1165
374 1336
1773 1856
49 183
357 423
454 1969
1491 1968
339 411
55 1087
363 1301
94 323
421 447
95 1631
845 1060
208 641
1319 1631
1300 1357
320 709
574 1235
214 249
592 867
499 1764
464 1475
211 1590
812 1713
321 1532
966 1692
40 437
861 1025
305 321
386 1804
620 1037
1407 1735
835 952
351 421
437 1781
1030 1033
863 1250
503 1055
88 264
83 1809
619 669
251 1932
574 1668
425 1210
539 1919
548 583
1847 1910
44 589
472 1207
100 1651
430 1157
1274 1859
11 532
317 931
411 903
506 792
1302 1919
23 861
91 1314
480 1037
699 928
1378 1644
763 792
1501 1657
202 1798
1131 1296
983 1219
22 320
343 1942
830 1005
710 736
2 349
612 1237
52 218
454 1022
337 422
755 1016
916 1319
1 308
50 254
1026 1087
503 1542
362 451
645 1118
1380 1514
1219 1396
506 817
181 1458
340 960
317 425
1744 1865
1385 1789
401 839
650 1130
39 480
454 1879
1196 1211
414 1753
56 1814
1300 1631
1567 1924
255 349
1735 1750
1449 1707
1676 1835
71 509
1006 1829
1454 1514
874 899
555 1045
1395 1832
838 1286
667 1204
225 1714
245 888
583 970
1247 1386
340 1240
547 1481
483 563
959 1076
217 421
1676 1919
363 422
109 110
1513 1514
312 1096
733 736
411 641
720 1066
489 1843
241 334
608 745
264 1415
1770 1895
1500 1979
213 225
880 1152
172 1177
394 873
931 1154
423 1731
95 887
154 1510
192 225
1654 1948
1719 1818
377 1785
594 1147
700 1077
477 1549
1131 1154
1728 1856
1071 1985
708 759
254 798
242 963
421 1534
968 997
1623 1756
78 204
1274 1690
270 946
1661 1775
79 831
198 774
637 1134
54 1519
128 587
795 968
21 454
1800 1955
216 347
676 1614
1169 1184
278 411
1416 1502
548 1441
1738 1815
1012 1815
813 1456
860 934
307 980
842 1240
1592 1814
768 1759
65 233
177 442
424 641
1622 1869
828 1554
1457 1958
683 907
1109 1565
1415 1416
82 97
188 1355
597 1076
1413 1740
603 1954
472 1550
728 1128
595 1030
207 1545
162 355
418 835
1039 1980
315 1003
473 1247
1699 1703
77 1321
150 316
170 1392
126 1881
1766 1794
48 411
60 660
526 989
1565 1785
421 1066
41 1893
730 1188
1387 1777
489 490
496 563
1550 1641
621 912
612 919
158 1692
474 489
861 1166
1645 1667
178 563
351 422
1537 1723
1804 1885
674 1908
607 1301
405 567
688 1159
171 515
1180 1183
1314 1864
454 1664
1159 1445
813 1207
48 418
74 100
1369 1601
489 1956
1159 1341
87 346
1882 1900
515 1880
606 1093
1205 1246
684 1139
666 771
306 1811
1410 1458
118 159
471 1881
421 1650
60 190
416 1047
55 931
526 1029
285 948
110 313
262 936
808 995
532 834
417 563
421 762
585 1292
1650 1738
1501 1725
914 1254
670 1161
1023 1724
743 1199
228 308
470 1166
7 340
1545 1584
323 1455
196 473
744 1078
1241 1321
657 707
1 411
1357 1432
1263 1563
335 411
1436 1819
320 636
129 392
57 155
364 1247
199 243
958 1008
382 1877
699 700
41 482
888 1287
994 1161
139 323
1278 1768
1265 1292
455 1900
871 1247
340 1931
1795 1865
1701 1702
209 259
574 1321
225 351
182 411
59 596
1361 1636
908 1090
421 1367
431 933
689 1283
474 1534
452 988
917 981
192 418
489 1500
3 134
1032 1920
642 708
83 189
285 1945
965 1705
917 1149
47 1153
211 428
70 323
309 1224
393 1682
1710 1943
1380 1513
426 937
422 1109
1024 1284
484 489
1314 1614
888 1154
925 926
881 1123
1260 1788
1405 1759
756 1542
555 1336
1421 1879
229 1399
333 569
47 663
1005 1919
915 1309
612 892
477 1000
376 383
168 480
1458 1786
173 1930
617 846
689 728
393 1720
422 527
1005 1195
509 563
1506 1649
1832 1833
1457 1794
1235 1236
87 978
195 317
1691 1816
69 157
242 320
358 484
1091 1217
653 1477
1354 1355
1424 1968
1159 1895
363 1415
440 1942
1166 1169
1090 1392
595 599
260 1526
820 1089
885 1196
196 1761
394 1105
452 791
964 987
81 357
773 1009
1351 1982
421 689
122 225
1439 1451
414 1751
815 1192
717 1919
23 508
556 1306
126 1967
561 1352
1010 1759
685 729
85 378
689 1214
701 1171
1295 1333
275 421
357 1731
376 1777
112 246
830 1919
1458 1572
215 350
225 411
822 987
60 1473
1369 1458
603 840
674 1210
689 1199
69 1910
108 1171
335 412
1142 1635
694 1822
1029 1088
927 1920
1384 1909
454 1191
159 411
421 1965
219 861
1021 1140
234 411
1735 1951
1087 1131
77 1914
546 1503
135 187
1146 1741
682 1191
411 1843
574 1019
125 1529
386 1885
674 932
321 1385
116 1680
430 634
830 1012
828 1612
1391 1485
17 225
1006 1391
1399 1569
1663 1960
669 1823
421 996
483 1892
1259 1265
760 1266
1525 1730
1468 1601
59 669
618 668
321 1818
736 1690
515 575
343 1210
12 178
765 1328
1011 1269
69 1741
409 1030
846 919
277 563
796 1204
920 1008
1627 1670
993 1244
714 1008
1644 1985
164 563
1738 1759
622 866
87 730
902 933
1050 1157
233 411
1085 1930
1202 1219
6 198
769 1114
218 437
286 1741
958 1142
431 1539
448 833
638 897
843 1037
293 795
1128 1199
513 1083
99 1421
653 708
812 1762
31 418
489 555
885 1290
1341 1893
700 928
1520 1657
1187 1374
11 327
320 965
35 69
126 1558
1252 1292
176 207
1170 1323
175 219
1130 1140
1653 1705
255 422
1553 1555
80 1396
363 1956
918 1240
646 1320
59 150
594 1386
1589 1593
1196 1455
190 438
499 995
33 574
670 1047
1776 1804
411 1731
734 1003
768 1650
421 585
421 566
1278 1457
154 264
593 1235
471 1975
802 1006
101 561
564 1469
188 1128
1549 1976
653 1458
718 1231
383 1387
825 953
108 566
16 550
609 1024
637 757
617 999
77 1904
1595 1653
1207 1456
886 903
491 1203
1447 1637
299 1573
502 1415
161 552
1650 1863
271 1371
561 1621
136 1788
677 972
518 1205
561 1437
421 1592
422 1487
771 1101
1466 1589
881 1920
1195 1240
199 436
27 28
241 515
244 903
689 944
125 694
891 1292
1185 1292
80 1522
1057 1989
1020 1167
669 837
234 421
1196 1527
11 972
67 411
196 328
1675 1676
454 1137
226 674
607 1109
1251 1786
318 415
948 1432
28 515
255 363
1764 1862
545 851
225 422
1395 1848
260 1512
1617 1819
0 405
786 1057
33 1314
793 989
171 1805
248 1060
91 110
995 1822
421 1846
1409 1455
754 1332
1383 1698
605 1173
45 421
47 1311
912 1139
225 496
842 1193
19 884
411 520
519 1826
462 555
489 670
1010 1742
1423 1805
268 1153
926 1507
694 1977
413 414
54 580
1504 1614
989 1189
492 893
485 1550
1672 1792
737 1060
196 1527
765 829
1736 1768
1342 1637
685 740
1254 1308
59 766
706 945
108 1665
108 1881
866 1163
755 1034
657 1144
685 878
364 1741
644 730
112 173
892 999
722 1215
503 701
841 1024
114 997
1106 1298
1395 1906
321 968
1411 1658
1074 1200
226 1759
331 1829
158 1458
59 1253
742 984
156 517
921 1966
68 1676
633 1149
325 444
1550 1897
782 1035
758 1196
43 458
54 1364
1882 1908
1681 1692
21 1229
555 1109
1456 1527
865 1106
125 1255
480 839
196 1455
848 1098
1318 1822
168 435
1140 1820
517 1873
503 1030
670 996
722 732
437 1167
323 969
426 1388
615 1014
835 922
951 993
454 1474
275 329
471 989
431 1012
1812 1881
271 1855
425 753
1033 1034
305 1748
87 386
1501 1864
125 1650
1107 1119
723 926
763 817
701 990
717 1909
363 1788
1085 1878
789 888
413 1753
597 959
967 1166
395 513
674 1305
1856 1860
1584 1854
821 1060
77 574
1467 1730
307 716
1611 1634
418 422
1200 1247
36 1109
29 1304
397 588
884 1088
806 1828
340 771
905 1935
750 962
624 1131
1365 1519
1120 1121
1542 1753
1494 1745
1920 1922
712 1317
421 1634
323 1889
556 1301
789 1113
103 503
410 1654
855 1709
889 959
289 421
1208 1247
887 1369
1935 1984
421 1488
245 773
1399 1586
85 973
382 563
489 1548
518 1398
1672 1793
1016 1107
614 689
832 865
479 525
27 422
483 1770
160 426
511 1374
786 875
1028 1272
411 1109
1159 1828
125 739
80 1010
614 855
208 831
1718 1908
547 1590
898 1942
479 483
440 889
59 1470
1822 1917
833 1300
730 775
1234 1650
196 1240
36 166
810 950
596 1091
296 1692
1369 1978
966 1613
1029 1650
357 1364
350 1395
1496 1644
710 1642
751 933
1395 1894
328 533
430 451
1786 1986
670 1238
383 1391
411 418
606 1190
689 741
786 988
1012 1197
453 1474
421 743
157 1010
1658 1897
231 364
1126 1527
96 549
321 504
454 539
1210 1637
1240 1742
1379 1648
14 1471
1386 1757
728 855
358 411
777 881
474 1199
466 528
69 575
321 795
108 1039
429 670
1503 1646
367 1785
831 1873
38 1368
801 1857
323 1456
1180 1245
824 1090
1227 1574
1485 1779
3 60
767 857
1457 1568
1131 1938
571 1068
722 1111
1555 1558
121 1052
1237 1256
1573 1625
1364 1416
1649 1769
125 294
44 730
1370 1650
186 566
430 901
800 1381
271 1728
723 881
147 1274
321 1013
1447 1610
1204 1244
550 1000
114 293
669 904
351 1760
67 351
211 260
674 930
597 1802
608 706
273 563
2 1852
383 1550
72 563
1074 1088
151 565
307 1216
844 1850
964 985
323 1742
1274 1696
241 746
191 707
11 562
124 239
109 313
733 1671
169 515
60 845
276 483
976 1702
207 456
937 1153
598 1071
173 1247
1409 1770
1247 1933
440 645
1399 1490
125 1318
976 1216
755 1610
271 1015
236 563
393 811
86 681
454 1278
1682 1803
852 1292
248 933
165 364
323 961
1314 1430
1751 1824
454 1860
1535 1951
383 1777
1361 1376
1832 1863
31 903
968 1177
464 798
937 1157
1371 1969
223 687
972 1063
694 779
80 1444
323 473
925 1834
963 1080
1025 1257
225 1412
499 1145
271 611
54 549
1487 1638
173 1831
1779 1897
641 1575
1109 1784
148 225
422 1412
829 1327
17 423
409 477
634 1153
1071 1458
887 1032
118 1292
42 112
556 705
383 1485
264 583
1126 1881
1458 1834
1034 1119
437 1020
343 978
728 729
1109 1846
1764 1792
69 171
89 427
425 1581
848 990
1392 1906
140 453
1836 1840
260 1380
69 641
357 489
1090 1820
425 1863
689 855
357 1650
422 502
1651 1669
438 476
454 538
1260 1757
1656 1700
771 1313
268 430
1692 1935
1008 1828
556 1187
321 997
521 893
736 1920
18 1684
437 455
471 1189
369 1409
1153 1393
11 456
59 1952
833 1040
62 162
1166 1221
1466 1470
170 1225
737 972
284 572
1763 1781
125 1551
574 1904
1631 1686
651 1890
321 417
752 933
440 1839
1151 1168
59 1523
933 1159
222 1458
612 924
119 1037
1601 1643
293 328
418 895
1402 1909
752 1942
81 421
510 1717
1458 1613
768 1903
288 471
489 1415
1012 1829
923 1292
225 367
1804 1913
662 1215
505 1654
959 1796
859 1001
1424 1425
560 1537
95 1411
742 866
434 435
75 364
856 876
230 1243
535 778
57 561
520 1265
247 292
440 1395
188 835
437 1037
824 1126
1720 1911
