0 0
1 1
2 1
3 2
4 2
5 3
6 0
7 3
8 0
9 4
10 5
11 0
12 0
13 0
14 0
15 0
16 3
17 1
18 4
19 3
20 0
21 0
22 6
23 5
24 0
25 5
26 0
27 1
28 1
29 0
30 1
31 1
32 3
33 2
34 0
35 5
36 1
37 5
38 2
39 5
40 5
41 2
42 3
43 3
44 3
45 1
46 0
47 0
48 1
49 5
50 2
51 1
52 5
53 2
54 0
55 3
56 2
57 0
58 1
59 0
60 2
61 0
62 3
63 3
64 0
65 1
66 0
67 1
68 6
69 3
70 3
71 0
72 0
73 1
74 2
75 5
76 3
77 2
78 4
79 0
80 0
81 1
82 0
83 2
84 6
85 2
86 2
87 3
88 0
89 0
90 0
91 2
92 5
93 1
94 6
95 4
96 0
97 0
98 0
99 0
100 2
101 0
102 1
103 3
104 2
105 0
106 0
107 6
108 6
109 2
110 2
111 4
112 3
113 4
114 0
115 0
116 4
117 0
118 1
119 5
120 3
121 0
122 0
123 0
124 6
125 3
126 3
127 2
128 1
129 3
130 5
131 1
132 4
133 0
134 2
135 5
136 0
137 0
138 6
139 3
140 0
141 0
142 3
143 2
144 5
145 2
146 1
147 4
148 4
149 0
150 0
151 1
152 0
153 0
154 0
155 0
156 0
157 3
158 4
159 1
160 0
161 1
162 0
163 5
164 0
165 2
166 1
167 5
168 5
169 6
170 6
171 5
172 3
173 4
174 0
175 5
176 0
177 0
178 0
179 0
180 5
181 4
182 1
183 4
184 0
185 3
186 0
187 5
188 1
189 2
190 2
191 3
192 1
193 0
194 0
195 3
196 5
197 0
198 0
199 5
200 2
201 5
202 0
203 3
204 4
205 5
206 3
207 0
208 0
209 2
210 0
211 2
212 2
213 1
214 2
215 2
216 1
217 0
218 5
219 5
220 3
221 5
222 4
223 2
224 0
225 1
226 3
227 0
228 1
229 3
230 5
231 5
232 0
233 1
234 1
235 3
236 0
237 0
238 5
239 6
240 0
241 5
242 3
243 0
244 1
245 3
246 3
247 2
248 2
249 2
250 2
251 0
252 4
253 0
254 2
255 1
256 3
257 6
258 0
259 2
260 2
261 2
262 6
263 0
264 0
265 0
266 2
267 0
268 0
269 4
270 2
271 0
272 0
273 0
274 0
275 1
276 0
277 0
278 1
279 2
280 1
281 3
282 2
283 0
284 6
285 4
286 3
287 3
288 0
289 1
290 0
291 0
292 2
293 0
294 0
295 0
296 4
297 6
298 0
299 2
300 0
301 2
302 4
303 4
304 0
305 0
306 0
307 0
308 1
309 0
310 1
311 0
312 5
313 2
314 3
315 2
316 0
317 3
318 2
319 1
320 6
321 0
322 2
323 3
324 3
325 5
326 0
327 0
328 3
329 1
330 5
331 2
332 0
333 0
334 5
335 1
336 4
337 5
338 2
339 1
340 3
341 5
342 1
343 3
344 5
345 0
346 3
347 1
348 0
349 1
350 2
351 1
352 1
353 2
354 2
355 0
356 5
357 1
358 1
359 1
360 0
361 4
362 0
363 1
364 5
365 3
366 5
367 1
368 2
369 2
370 3
371 0
372 1
373 2
374 1
375 2
376 0
377 3
378 2
379 2
380 1
381 0
382 1
383 0
384 0
385 1
386 3
387 6
388 2
389 0
390 3
391 2
392 3
393 6
394 0
395 3
396 0
397 2
398 5
399 3
400 5
401 5
402 5
403 0
404 5
405 0
406 0
407 0
408 1
409 3
410 1
411 1
412 1
413 3
414 3
415 2
416 1
417 0
418 1
419 1
420 1
421 1
422 1
423 1
424 1
425 3
426 0
427 0
428 2
429 1
430 0
431 2
432 5
433 0
434 5
435 5
436 5
437 5
438 2
439 1
440 3
441 5
442 0
443 3
444 6
445 0
446 0
447 1
448 4
449 5
450 0
451 0
452 0
453 0
454 0
455 5
456 0
457 3
458 3
459 0
460 3
461 0
462 1
463 0
464 2
465 3
466 0
467 0
468 0
469 0
470 5
471 0
472 2
473 5
474 1
475 2
476 2
477 3
478 2
479 2
480 5
481 1
482 2
483 2
484 1
485 0
486 1
487 6
488 0
489 1
490 1
491 4
492 2
493 0
494 0
495 0
496 0
497 0
498 0
499 0
500 6
501 5
502 1
503 3
504 0
505 6
506 0
507 0
508 5
509 0
510 4
511 1
512 5
513 2
514 0
515 5
516 0
517 1
518 4
519 5
520 1
521 3
522 0
523 3
524 0
525 2
526 0
527 1
528 3
529 0
530 2
531 3
532 0
533 3
534 2
535 4
536 2
537 4
538 0
539 0
540 0
541 2
542 0
543 2
544 0
545 4
546 4
547 2
548 0
549 0
550 3
551 1
552 1
553 0
554 0
555 1
556 3
557 0
558 2
559 4
560 4
561 0
562 0
563 0
564 2
565 1
566 1
567 0
568 5
569 0
570 0
571 4
572 6
573 4
574 2
575 5
576 3
577 3
578 0
579 4
580 0
581 3
582 4
583 0
584 0
585 1
586 0
587 1
588 2
589 3
590 4
591 0
592 5
593 0
594 5
595 3
596 2
597 2
598 4
599 3
600 3
601 3
602 0
603 5
604 4
605 5
606 4
607 1
608 0
609 5
610 1
611 0
612 0
613 0
614 4
615 0
616 4
617 0
618 4
619 0
620 5
621 5
622 5
623 0
624 3
625 0
626 5
627 5
628 0
629 2
630 0
631 5
632 0
633 4
634 0
635 5
636 3
637 6
638 0
639 2
640 1
641 1
642 4
643 0
644 3
645 3
646 6
647 2
648 3
649 4
650 5
651 5
652 3
653 4
654 3
655 5
656 0
657 3
658 0
659 1
660 2
661 1
662 2
663 0
664 0
665 0
666 3
667 6
668 4
669 0
670 1
671 5
672 3
673 3
674 3
675 2
676 2
677 2
678 2
679 2
680 2
681 2
682 0
683 4
684 5
685 4
686 3
687 2
688 2
689 4
690 3
691 0
692 2
693 2
694 0
695 2
696 0
697 0
698 0
699 5
700 5
701 3
702 0
703 3
704 5
705 2
706 0
707 3
708 4
709 5
710 4
711 4
712 4
713 4
714 2
715 2
716 0
717 5
718 0
719 2
720 5
721 4
722 2
723 4
724 3
725 6
726 0
727 6
728 4
729 4
730 3
731 0
732 2
733 4
734 2
735 4
736 4
737 2
738 0
739 0
740 5
741 4
742 5
743 1
744 0
745 0
746 5
747 5
748 5
749 2
750 6
751 2
752 2
753 3
754 5
755 3
756 3
757 6
758 6
759 4
760 6
761 6
762 1
763 0
764 2
765 4
766 0
767 4
768 2
769 0
770 3
771 3
772 3
773 3
774 0
775 3
776 5
777 4
778 4
779 0
780 5
781 0
782 0
783 1
784 5
785 6
786 3
787 0
788 0
789 3
790 4
791 0
792 0
793 0
794 0
795 0
796 6
797 4
798 2
799 0
800 0
801 0
802 6
803 6
804 3
805 0
806 2
807 2
808 0
809 0
810 6
811 6
812 5
813 2
814 2
815 0
816 5
817 0
818 3
819 0
820 3
821 2
822 4
823 4
824 6
825 3
826 4
827 5
828 3
829 4
830 5
831 0
832 4
833 4
834 0
835 4
836 0
837 0
838 0
839 5
840 5
841 5
842 3
843 5
844 5
845 2
846 0
847 4
848 3
849 2
850 3
851 4
852 1
853 5
854 4
855 4
856 2
857 4
858 4
859 0
860 2
861 5
862 0
863 0
864 5
865 4
866 5
867 5
868 2
869 2
870 5
871 3
872 6
873 0
874 3
875 0
876 2
877 3
878 3
879 4
880 6
881 4
882 0
883 6
884 3
885 6
886 1
887 4
888 3
889 2
890 0
891 3
892 0
893 3
894 1
895 1
896 5
897 0
898 3
899 3
900 3
901 0
902 2
903 1
904 0
905 4
906 4
907 4
908 6
909 5
910 5
911 0
912 5
913 1
914 5
915 5
916 4
917 4
918 0
919 0
920 3
921 4
922 4
923 1
924 0
925 4
926 4
927 4
928 5
929 3
930 3
931 3
932 3
933 2
934 2
935 0
936 6
937 0
938 0
939 0
940 5
941 4
942 0
943 0
944 1
945 0
946 2
947 6
948 4
949 0
950 6
951 3
952 4
953 0
954 5
955 4
956 0
957 0
958 3
959 2
960 3
961 3
962 6
963 3
964 4
965 6
966 4
967 5
968 0
969 0
970 0
971 4
972 2
973 2
974 0
975 2
976 0
977 2
978 3
979 6
980 0
981 4
982 0
983 6
984 5
985 4
986 5
987 4
988 3
989 0
990 3
991 3
992 4
993 6
994 1
995 0
996 1
997 0
998 0
999 0
1000 3
1001 0
1002 4
1003 2
1004 6
1005 0
1006 3
1007 4
1008 2
1009 2
1010 3
1011 2
1012 3
1013 0
1014 0
1015 0
1016 3
1017 5
1018 5
1019 2
1020 5
1021 4
1022 0
1023 4
1024 5
1025 5
1026 0
1027 2
1028 3
1029 0
1030 3
1031 3
1032 4
1033 3
1034 3
1035 0
1036 0
1037 5
1038 4
1039 6
1040 4
1041 2
1042 0
1043 0
1044 2
1045 1
1046 5
1047 1
1048 4
1049 4
1050 2
1051 0
1052 0
1053 0
1054 5
1055 3
1056 3
1057 0
1058 3
1059 4
1060 2
1061 0
1062 4
1063 2
1064 0
1065 0
1066 5
1067 0
1068 4
1069 0
1070 4
1071 4
1072 4
1073 0
1074 5
1075 5
1076 2
1077 5
1078 0
1079 2
1080 0
1081 0
1082 4
1083 2
1084 2
1085 6
1086 6
1087 0
1088 0
1089 3
1090 6
1091 2
1092 1
1093 4
1094 1
1095 4
1096 6
1097 1
1098 3
1099 6
1100 5
1101 3
1102 0
1103 0
1104 5
1105 0
1106 4
1107 3
1108 0
1109 1
1110 3
1111 0
1112 0
1113 2
1114 0
1115 5
1116 4
1117 4
1118 3
1119 3
1120 4
1121 4
1122 5
1123 4
1124 0
1125 2
1126 2
1127 0
1128 4
1129 3
1130 5
1131 3
1132 6
1133 0
1134 6
1135 3
1136 3
1137 0
1138 4
1139 5
1140 5
1141 0
1142 3
1143 2
1144 3
1145 0
1146 2
1147 5
1148 3
1149 4
1150 0
1151 4
1152 6
1153 0
1154 3
1155 3
1156 4
1157 0
1158 0
1159 2
1160 6
1161 1
1162 4
1163 5
1164 2
1165 4
1166 5
1167 5
1168 4
1169 5
1170 0
1171 6
1172 1
1173 5
1174 4
1175 2
1176 1
1177 0
1178 2
1179 2
1180 3
1181 5
1182 5
1183 2
1184 5
1185 1
1186 4
1187 0
1188 3
1189 0
1190 4
1191 0
1192 4
1193 3
1194 3
1195 5
1196 6
1197 5
1198 4
1199 1
1200 5
1201 4
1202 3
1203 4
1204 6
1205 4
1206 1
1207 2
1208 5
1209 1
1210 3
1211 6
1212 4
1213 1
1214 4
1215 0
1216 0
1217 2
1218 4
1219 3
1220 6
1221 5
1222 4
1223 1
1224 0
1225 0
1226 2
1227 4
1228 3
1229 0
1230 3
1231 2
1232 6
1233 4
1234 0
1235 2
1236 2
1237 0
1238 1
1239 5
1240 3
1241 2
1242 6
1243 5
1244 6
1245 2
1246 1
1247 5
1248 6
1249 4
1250 0
1251 4
1252 1
1253 0
1254 5
1255 0
1256 0
1257 5
1258 2
1259 1
1260 0
1261 0
1262 4
1263 3
1264 5
1265 1
1266 6
1267 0
1268 5
1269 2
1270 0
1271 0
1272 3
1273 4
1274 4
1275 5
1276 2
1277 0
1278 0
1279 3
1280 4
1281 3
1282 0
1283 4
1284 5
1285 4
1286 0
1287 3
1288 6
1289 5
1290 6
1291 6
1292 1
1293 4
1294 4
1295 4
1296 3
1297 1
1298 4
1299 5
1300 4
1301 0
1302 5
1303 5
1304 0
1305 3
1306 1
1307 3
1308 5
1309 5
1310 3
1311 0
1312 0
1313 3
1314 2
1315 4
1316 2
1317 4
1318 0
1319 4
1320 6
1321 2
1322 2
1323 0
1324 0
1325 6
1326 3
1327 4
1328 4
1329 2
1330 2
1331 4
1332 5
1333 4
1334 4
1335 4
1336 1
1337 2
1338 4
1339 0
1340 4
1341 2
1342 3
1343 2
1344 5
1345 0
1346 1
1347 0
1348 4
1349 1
1350 0
1351 3
1352 0
1353 0
1354 1
1355 1
1356 4
1357 4
1358 0
1359 0
1360 0
1361 4
1362 6
1363 0
1364 1
1365 1
1366 6
1367 1
1368 2
1369 4
1370 3
1371 0
1372 0
1373 4
1374 1
1375 3
1376 0
1377 0
1378 4
1379 4
1380 2
1381 0
1382 2
1383 0
1384 5
1385 0
1386 0
1387 0
1388 0
1389 0
1390 1
1391 0
1392 6
1393 0
1394 0
1395 3
1396 3
1397 0
1398 4
1399 3
1400 1
1401 2
1402 5
1403 4
1404 4
1405 3
1406 3
1407 4
1408 6
1409 2
1410 4
1411 4
1412 1
1413 2
1414 5
1415 1
1416 1
1417 3
1418 4
1419 0
1420 2
1421 2
1422 1
1423 5
1424 3
1425 3
1426 0
1427 0
1428 2
1429 0
1430 2
1431 0
1432 4
1433 3
1434 2
1435 0
1436 6
1437 0
1438 0
1439 0
1440 3
1441 0
1442 0
1443 5
1444 0
1445 2
1446 0
1447 3
1448 2
1449 2
1450 2
1451 0
1452 0
1453 5
1454 2
1455 2
1456 2
1457 2
1458 4
1459 0
1460 2
1461 0
1462 0
1463 6
1464 4
1465 2
1466 0
1467 3
1468 4
1469 2
1470 0
1471 0
1472 2
1473 2
1474 0
1475 2
1476 0
1477 4
1478 2
1479 4
1480 6
1481 2
1482 0
1483 4
1484 5
1485 0
1486 0
1487 1
1488 1
1489 4
1490 3
1491 3
1492 4
1493 0
1494 3
1495 0
1496 1
1497 0
1498 4
1499 4
1500 1
1501 2
1502 1
1503 4
1504 2
1505 2
1506 4
1507 4
1508 3
1509 5
1510 0
1511 2
1512 2
1513 2
1514 2
1515 4
1516 4
1517 3
1518 3
1519 1
1520 2
1521 3
1522 3
1523 0
1524 1
1525 3
1526 2
1527 2
1528 1
1529 0
1530 0
1531 2
1532 0
1533 2
1534 1
1535 3
1536 0
1537 4
1538 0
1539 2
1540 5
1541 5
1542 3
1543 0
1544 0
1545 0
1546 4
1547 0
1548 0
1549 3
1550 4
1551 0
1552 3
1553 5
1554 5
1555 5
1556 2
1557 4
1558 3
1559 3
1560 0
1561 5
1562 3
1563 5
1564 4
1565 2
1566 6
1567 3
1568 2
1569 0
1570 0
1571 0
1572 4
1573 2
1574 4
1575 0
1576 3
1577 0
1578 2
1579 2
1580 3
1581 3
1582 4
1583 4
1584 0
1585 2
1586 3
1587 4
1588 3
1589 2
1590 2
1591 4
1592 1
1593 0
1594 0
1595 6
1596 5
1597 0
1598 4
1599 5
1600 6
1601 4
1602 0
1603 5
1604 2
1605 4
1606 3
1607 0
1608 2
1609 3
1610 3
1611 1
1612 5
1613 4
1614 2
1615 3
1616 5
1617 6
1618 2
1619 2
1620 2
1621 0
1622 2
1623 4
1624 2
1625 2
1626 2
1627 4
1628 3
1629 4
1630 1
1631 4
1632 0
1633 0
1634 1
1635 3
1636 0
1637 3
1638 1
1639 5
1640 0
1641 4
1642 4
1643 4
1644 4
1645 0
1646 4
1647 0
1648 4
1649 4
1650 1
1651 2
1652 1
1653 6
1654 5
1655 4
1656 6
1657 2
1658 4
1659 1
1660 3
1661 0
1662 0
1663 6
1664 0
1665 5
1666 4
1667 0
1668 2
1669 2
1670 4
1671 4
1672 0
1673 2
1674 2
1675 0
1676 5
1677 3
1678 4
1679 4
1680 4
1681 4
1682 6
1683 0
1684 4
1685 0
1686 4
1687 0
1688 4
1689 2
1690 4
1691 0
1692 4
1693 4
1694 4
1695 0
1696 4
1697 0
1698 0
1699 4
1700 6
1701 0
1702 0
1703 4
1704 2
1705 6
1706 6
1707 2
1708 2
1709 5
1710 6
1711 2
1712 4
1713 5
1714 1
1715 0
1716 0
1717 1
1718 5
1719 2
1720 6
1721 2
1722 3
1723 4
1724 4
1725 2
1726 5
1727 3
1728 0
1729 0
1730 3
1731 1
1732 4
1733 3
1734 4
1735 4
1736 0
1737 0
1738 5
1739 6
1740 2
1741 3
1742 2
1743 0
1744 3
1745 3
1746 4
1747 2
1748 0
1749 0
1750 4
1751 3
1752 3
1753 3
1754 4
1755 2
1756 4
1757 5
1758 2
1759 3
1760 1
1761 5
1762 5
1763 5
1764 0
1765 0
1766 2
1767 2
1768 0
1769 4
1770 2
1771 0
1772 0
1773 0
1774 2
1775 0
1776 3
1777 0
1778 0
1779 4
1780 0
1781 5
1782 0
1783 4
1784 2
1785 1
1786 4
1787 1
1788 0
1789 0
1790 1
1791 1
1792 0
1793 0
1794 2
1795 3
1796 2
1797 2
1798 2
1799 0
1800 3
1801 6
1802 2
1803 6
1804 0
1805 2
1806 1
1807 6
1808 1
1809 2
1810 0
1811 0
1812 0
1813 6
1814 1
1815 2
1816 0
1817 4
1818 0
1819 6
1820 6
1821 4
1822 0
1823 0
1824 3
1825 2
1826 0
1827 2
1828 2
1829 2
1830 2
1831 5
1832 3
1833 2
1834 4
1835 5
1836 1
1837 5
1838 2
1839 3
1840 3
1841 4
1842 4
1843 1
1844 3
1845 5
1846 1
1847 0
1848 3
1849 2
1850 5
1851 6
1852 1
1853 3
1854 0
1855 0
1856 0
1857 0
1858 0
1859 4
1860 0
1861 2
1862 0
1863 3
1864 2
1865 3
1866 0
1867 2
1868 4
1869 4
1870 0
1871 0
1872 2
1873 0
1874 2
1875 2
1876 0
1877 1
1878 6
1879 0
1880 4
1881 2
1882 5
1883 0
1884 2
1885 3
1886 1
1887 0
1888 4
1889 3
1890 5
1891 0
1892 2
1893 2
1894 3
1895 2
1896 0
1897 4
1898 5
1899 2
1900 5
1901 0
1902 2
1903 2
1904 2
1905 0
1906 3
1907 0
1908 3
1909 5
1910 1
1911 6
1912 6
1913 6
1914 2
1915 5
1916 0
1917 0
1918 2
1919 5
1920 4
1921 4
1922 4
1923 5
1924 6
1925 0
1926 0
1927 4
1928 0
1929 5
1930 6
1931 3
1932 0
1933 5
1934 3
1935 4
1936 0
1937 5
1938 3
1939 1
1940 4
1941 3
1942 2
1943 6
1944 4
1945 4
1946 4
1947 1
1948 6
1949 3
1950 5
1951 3
1952 2
1953 1
1954 5
1955 3
1956 5
1957 4
1958 2
1959 0
1960 6
1961 4
1962 1
1963 2
1964 0
1965 0
1966 4
1967 0
1968 3
1969 0
1970 2
1971 2
1972 0
1973 0
1974 2
1975 0
1976 3
1977 0
1978 4
1979 3
1980 5
1981 2
1982 3
1983 3
1984 4
1985 4
1986 4
1987 4
1988 5
1989 0
